-0.755281
0.241580
0.780676
2.923160
0.234839
1.479717
-0.319545
0.791219
1.888563
2.306481
2.795832
-1.533340
0.577233
2.030267
-1.339241
1.562746
1.807510
-0.684582
0.998119
0.808404
0.245949
0.022374
0.056536
1.283437
-2.846576
0.887411
0.368336
-1.970273
0.930218
0.949979
2.155866
1.614059
0.263628
-0.396531
1.489713
0.450780
2.247675
-1.072000
1.726722
-1.610942
1.278810
-0.600158
0.987956
0.435699
-0.807181
1.657355
0.514833
-0.842159
-0.474140
0.486959
3.315900
-3.217843
-2.025514
-0.646444
0.718624
0.831993
4.095200
3.366925
3.044214
1.712038
4.681219
0.541260
0.657237
3.170169
0.946424
1.202537
0.786447
2.294970
3.125705
2.416209
-0.930448
-3.179001
3.101615
-0.713759
-0.186272
0.549970
-0.651358
-0.060753
1.867205
-0.179559
-1.220178
0.774015
3.131808
2.059587
2.349894
0.437786
-2.181057
-1.546630
0.370461
0.374765
1.442843
1.861885
-1.387814
1.651954
-0.130138
-0.222472
-0.303377
-1.963733
1.676392
0.878594
