2.761449
3.835800
0.786694
-1.322451
-0.830674
0.913178
2.501282
-0.973333
-0.462469
1.087722
2.993847
1.415677
1.530845
0.206263
2.126410
-2.709147
2.260855
0.627482
-2.811929
1.338172
-1.225443
0.715882
-1.143453
-2.277152
2.962644
-2.076444
1.242064
1.982550
-0.061104
0.573223
0.910263
1.280431
0.401781
0.555123
-2.089639
2.139728
-2.551389
3.524887
-1.921189
3.769597
-0.812690
3.488166
-0.754679
0.868241
2.441824
-0.512176
-2.396965
2.016793
1.729164
2.138593
2.610461
-0.789285
1.122082
3.205386
1.265381
2.740900
0.906300
-2.175547
-0.919711
-2.464045
1.154922
3.828619
-2.820997
0.979055
-1.055199
0.786046
-0.055160
2.069609
2.212717
-2.878457
0.212097
-2.088270
-2.893371
0.780195
2.469873
2.124782
2.778234
-1.072295
3.372670
2.801578
-1.054266
1.959146
3.767804
-2.891263
-1.702300
-0.839059
1.612715
0.484692
3.302433
0.603594
-2.003762
-1.021164
2.888494
-1.078539
-0.001113
-1.841309
0.481816
0.676070
2.518270
0.034440
0.873705
2.443746
0.574150
-2.667557
-2.200185
0.924056
0.870615
2.348953
-0.576938
0.737024
2.850284
0.274813
-1.253110
1.052213
-1.289917
-0.189819
2.825386
1.747012
-1.078082
2.773658
-2.522875
-2.106507
-0.428446
0.873980
-0.022208
3.759497
2.544727
-1.632667
-2.525342
1.451442
-1.343969
2.686467
-0.490136
3.876402
0.269662
1.033070
-1.293706
-2.945311
3.228445
-1.298297
-0.543945
-1.370738
0.606686
2.407701
0.727428
-1.311368
3.793366
3.006969
2.418048
3.844712
1.457022
-1.075382
0.053723
-0.168901
-1.548910
-1.718195
2.359451
2.472690
-0.841219
-0.889851
1.442003
-0.620050
1.206570
-1.393055
2.177691
1.837683
-0.713123
1.861486
1.719322
1.041831
0.860204
-1.928472
3.378168
3.358299
-2.219417
2.775829
3.924880
3.506597
-1.743582
2.440517
1.776938
1.522296
-0.028449
1.679105
-1.064652
-1.188393
2.218430
3.278914
2.400881
-1.024041
-1.253884
3.770886
0.284614
-2.701771
3.232747
2.822533
1.735198
2.167324
-1.660628
-2.487390
1.290827
-0.000847
0.194810
2.123095
-2.738283
0.608407
3.100366
-0.831828
1.724078
1.815093
2.418428
3.316399
2.506246
-0.003901
-0.079602
-0.389162
1.573082
2.388778
-2.145756
1.613359
0.868897
3.737126
-2.014691
2.883845
0.474672
2.081431
0.849129
-1.996926
2.056650
0.097193
3.128093
-2.717864
2.307184
1.700388
0.232463
1.937562
-1.449345
0.588563
0.848010
-0.471294
-1.460097
-1.577450
-0.318293
0.717648
0.793271
1.510102
-0.851449
3.730759
-0.340391
-2.116250
-0.037218
1.355777
-2.148098
1.425432
1.948183
-2.144022
2.746928
-2.882523
3.909109
-1.519578
1.681435
-2.068332
-1.053241
0.154599
3.544824
0.454787
-2.570411
0.764912
-0.664012
-2.346200
2.452362
0.880105
-2.136612
-2.471435
-2.049860
-0.463351
2.286926
-0.997782
1.105358
-2.769695
0.579810
3.194225
-2.385449
0.557677
1.683615
3.347923
0.900248
-0.721735
3.960073
-2.228455
-2.205952
3.857881
-0.291970
3.741474
3.758002
0.164143
-2.820676
-2.013282
3.879673
-1.670930
0.363143
0.474599
3.394216
-2.571498
1.827018
3.585204
-2.244899
2.405743
3.075869
-2.490228
-0.674388
-0.757440
0.273531
3.978529
2.952301
-2.316915
3.793002
0.559879
2.559919
-0.140203
-1.828962
3.608197
0.261545
-2.813616
0.130105
2.789263
-2.404773
-2.384645
3.769745
-1.200822
0.464817
0.587597
-2.512859
-1.888897
0.223764
-2.184727
0.517560
-1.767402
-1.737872
0.403313
-2.296470
1.215563
1.629663
-0.436876
-2.339913
0.792587
2.832287
0.297362
-0.339633
-2.313848
-0.485413
-1.497976
0.328577
-0.041166
1.750712
3.282055
-0.477579
0.029328
-1.568267
-0.092486
-0.369973
-1.871970
-0.522957
2.285454
3.986296
1.635598
1.129336
3.622528
2.313172
-2.509145
0.280375
-0.417908
0.505652
0.974796
-0.780183
2.232414
1.483009
-0.375285
2.878874
-1.295534
3.359296
2.739104
-0.613187
-1.257086
2.174246
2.153476
3.923210
0.794119
0.655245
-1.771223
3.983549
-2.915179
-2.852929
-1.286081
-0.288218
-0.597669
1.119695
-0.946169
-1.871743
-1.640794
1.865341
-2.831959
-2.168883
-0.203901
-1.071391
3.479842
-0.439218
0.467447
3.593172
2.467216
2.500434
1.375960
0.472093
3.495781
0.935776
1.592249
-2.092818
-0.327009
1.243017
-2.992962
2.216288
1.400255
0.472838
-1.983391
-1.018055
0.776345
-0.108915
1.789814
1.753985
2.539958
3.849283
0.177528
2.847913
0.068133
-2.554837
0.797099
2.915210
-1.114326
0.394237
2.852868
2.859967
-0.973555
3.901227
0.777203
3.585705
-0.404890
2.592223
2.569987
-0.020812
-0.066309
-1.191027
-1.729090
-2.971291
-1.081220
-2.645973
1.126208
-2.288405
-0.845229
-1.772079
-2.875827
-2.021234
2.146183
3.937799
-1.333258
0.585288
3.930943
1.798217
0.074051
2.459229
3.010403
-1.053235
-2.882900
2.724987
0.459048
0.183377
-1.712267
-0.815153
-0.459262
0.272980
-1.203229
-0.745421
1.127073
3.727192
1.979370
2.253954
2.931605
2.488264
-2.782066
-1.295947
0.639840
-1.211865
0.555527
-1.021348
3.944658
-0.809679
2.737953
0.025462
-0.586401
-2.131037
3.923933
3.241327
0.744588
2.931575
-2.995813
-1.365924
-0.077350
0.476739
-2.066948
1.857786
3.420743
3.153858
-2.260759
0.449074
-2.137339
2.921764
-2.845963
2.905654
1.087670
2.783633
-2.939937
3.996672
-1.411868
0.329612
-1.909465
-1.253000
-1.716260
-2.663893
-1.900058
-0.440963
1.551642
1.580940
2.587636
-2.625475
-1.269614
3.385825
3.630117
0.523081
3.748442
-2.114259
1.935823
0.837129
3.425665
0.476104
-1.180881
2.212397
0.815363
-0.928438
-2.940070
-0.231889
1.546197
3.387738
2.749963
2.020156
0.710244
1.646788
3.720193
3.565360
1.914332
2.021480
1.975600
-0.101773
-0.204447
-2.053933
0.001054
0.850164
3.979764
-1.359774
0.267179
-0.346727
-1.288739
1.296272
-0.070273
-1.020470
-0.105387
-0.695355
-0.021831
-2.719863
2.225934
1.428987
0.550139
1.013173
-1.519901
3.518847
3.191854
3.371448
2.398850
-1.579342
2.884953
1.495926
3.685953
-0.820612
0.163282
-0.551378
-0.020076
0.019441
2.566082
3.715013
-2.566113
1.750197
1.389297
2.751379
1.747531
1.653421
-2.013225
2.161301
-1.446499
1.545390
3.054729
0.232820
0.339325
1.631629
-1.271642
1.808527
-0.038095
-1.855223
1.592431
-1.076573
0.784936
2.969227
-1.965351
2.515432
1.266914
0.370816
3.080559
1.247623
0.926005
2.054813
0.876588
0.036084
2.198707
1.458811
-2.108363
0.801842
1.237623
-1.976912
1.298684
2.379223
1.413783
-1.166342
2.746240
-0.168621
-2.010975
0.596484
3.811992
-2.200494
-0.385064
2.039482
2.291238
2.376953
-2.661173
2.557961
-1.443748
0.743381
-2.018839
-2.847820
3.760989
3.024904
-1.775033
-2.329393
-1.758487
0.897666
3.502154
-0.551591
3.105203
1.126429
1.147372
0.497779
-0.629665
1.260904
-1.896806
-2.513127
1.270696
-0.687996
-0.733307
1.259046
-1.695707
-2.152574
-0.931666
2.344638
0.670502
-0.308740
3.405674
2.779005
1.942489
1.506685
-2.560541
1.688124
3.006557
-1.802791
3.983968
2.013818
3.204361
1.473698
1.698406
2.835148
-1.718915
0.642583
-0.767008
3.778148
3.968176
2.899115
3.398476
-2.239824
0.547991
2.184203
1.142461
-1.828600
2.183982
0.550808
3.027700
-1.667422
0.453010
0.720668
3.872064
0.627814
0.906273
-1.869857
-1.458550
3.462694
-1.301246
0.606659
1.496281
3.367893
1.121384
0.436993
2.154170
-2.850246
-1.613080
0.385146
2.276997
1.086347
-0.051748
0.730844
0.989658
-0.485846
-0.260237
-0.099080
0.388289
-0.442453
-2.609764
3.131549
-0.645185
-1.092636
-2.016782
1.712286
-0.828441
2.086457
-2.508962
3.109885
3.740726
1.063939
-0.206141
3.695282
0.623984
3.339195
-0.787789
0.628593
-0.303163
2.842009
-0.331427
-2.545422
2.015146
2.427462
1.695693
2.900130
0.086065
-1.660196
-0.293892
1.499009
-0.147652
-0.392280
-1.231465
-1.243171
3.360119
0.410421
-2.053622
-1.975076
3.029139
-0.429605
-1.070009
1.527965
2.342458
3.823888
0.315136
-0.535668
-1.201322
1.381528
-2.662589
-1.225608
3.081731
-0.017802
-1.303509
0.089923
-0.049392
3.083694
2.518063
2.949989
3.490516
1.511600
-1.344790
3.637174
1.647391
-1.911136
3.736121
3.252271
-2.254524
1.962874
-0.764692
3.223590
-1.669137
-0.139332
3.049116
3.629790
2.998830
-1.660057
3.400431
-2.122953
-0.453621
1.979537
-2.228477
-0.190708
0.239801
2.984950
-2.969764
3.880627
3.257689
-0.227857
-2.578270
-1.877221
-1.821110
-1.475223
1.180878
-0.660976
-0.007748
0.035065
0.212329
1.010792
-1.693946
3.919316
2.258824
-2.137070
1.830512
2.860346
-0.458383
2.786688
3.735125
-1.575592
-1.059873
2.544268
2.103268
2.119415
-2.288796
2.342848
-0.318299
-0.031108
2.612664
-2.663848
-0.833312
-1.514481
0.552696
2.885491
0.837176
-1.025656
3.427832
-0.993285
-2.890554
-0.109225
0.522179
-2.897998
2.115204
1.206084
-1.289022
2.196957
3.723022
-2.588710
1.146571
-0.714241
-2.591645
1.937857
-1.756367
-2.246276
2.660950
2.260972
3.584048
1.709165
1.919768
0.207136
-2.966961
2.883782
3.351222
2.458779
-2.505553
-2.150221
3.471799
1.036674
2.563298
2.533141
-2.350051
-1.729550
-0.673917
0.344498
1.983637
-2.757572
-2.029380
-2.136266
-0.547987
-2.763204
-0.936798
0.704178
-1.759333
1.437752
2.527589
0.690825
0.798238
-1.007490
-2.045588
2.236871
3.260172
0.060568
1.232477
3.818182
1.840643
-0.440943
-2.315505
2.096251
-2.472407
1.690809
0.494808
-2.447578
3.362078
-1.024488
0.802397
-0.253418
-0.907745
2.761947
2.727437
2.711783
3.935130
3.179535
2.250685
-2.614668
0.314509
2.142193
-1.822195
0.989264
-1.570140
-1.434813
0.177382
-2.516428
-0.171541
0.572705
0.072633
3.271817
-2.883600
-2.601492
-0.165953
1.450779
-1.444237
0.198207
1.414466
-2.109383
0.889244
0.044361
3.259187
-2.059374
2.522932
-0.298859
-2.774624
0.043745
-1.174238
-2.844212
0.096808
-0.449437
1.485677
3.307284
1.583630
0.202806
1.446338
-0.858551
-2.552763
1.429669
1.545481
2.270587
0.335446
0.826479
0.911812
1.113800
-0.877432
1.900895
-2.554085
-2.663160
-0.302146
1.300452
-0.849695
-2.922773
2.819507
-1.267694
-0.396350
1.594110
-0.561127
