-1.923097
3.166382
-2.586649
-2.034904
2.646218
-2.163032
3.286740
0.986158
0.993476
3.821252
1.501091
-0.654155
1.787527
-0.597659
1.640715
-0.513771
0.920330
0.087548
3.446315
-0.740762
0.050285
2.507839
-1.637157
1.990757
-0.978348
1.403517
0.504233
0.202550
3.657290
2.968151
-1.616403
0.135343
3.172015
-2.748865
2.352189
3.705140
-2.953463
1.222928
-1.705873
0.245606
-0.386668
2.325788
-2.532704
1.279947
2.815392
0.741643
-1.475656
-1.449657
3.911739
1.954394
3.710011
3.840778
3.887782
1.966727
0.959312
2.775805
1.972806
1.849170
-2.946075
1.958697
0.317384
2.819913
-1.421071
0.685958
0.780042
1.952605
0.372786
-2.592263
-1.733000
2.300467
2.603887
3.754872
-0.833107
2.145895
-1.611445
-1.577873
-0.603470
-1.422644
2.288556
-0.461674
-2.995918
-2.731994
2.953650
2.146698
-1.345130
-0.330480
-2.744497
3.652908
0.075373
-0.054144
-1.379856
-0.636472
1.572420
-0.946880
3.795600
-2.208375
-1.701776
1.988906
2.574139
0.636584
