3.291849
3.556979
-2.082956
-0.932867
1.390681
1.756878
2.105103
-0.375117
-0.535090
-0.080485
0.834651
-1.357757
-1.338651
-0.029744
0.990128
-2.828817
-2.828954
3.553884
3.692111
-1.824448
-0.600457
-2.705090
2.616911
-1.690290
-1.728013
-1.800189
2.228533
-2.224316
-2.229418
-2.459119
1.343941
0.358445
2.197246
-2.135745
1.584811
-0.563058
2.284702
-1.145880
3.982437
-1.128273
-1.201034
0.038175
3.584439
3.805157
-0.772831
-2.717110
-1.475486
-0.997727
-1.576281
-1.262622
1.093270
-1.338635
2.094545
-2.595663
-2.007394
2.310372
2.642340
-0.493473
-1.265387
2.065178
0.446222
-2.663033
-0.342682
-1.574977
-1.855174
1.952571
-0.045972
-2.723681
0.789034
-0.924021
0.107940
1.339296
-2.014557
-1.453626
3.715641
0.089310
3.273799
-1.259910
1.104346
-2.985538
3.121788
3.387511
-0.113298
-1.917950
1.976504
1.119598
-2.772740
-2.979641
1.553587
1.066742
3.194599
-2.353321
-2.080741
2.214451
-1.230280
1.608929
-2.323153
2.693287
1.766030
-2.108015
-2.390589
-0.945820
-2.384050
1.798878
-2.688751
-1.366360
1.740955
-0.956154
-2.252586
1.585400
1.795575
2.756802
0.820094
3.170382
-1.912831
-0.838532
-2.440173
0.793957
3.482829
0.379250
-2.314643
-1.996006
0.412524
-0.554033
3.431053
1.388734
1.128037
-1.781693
1.227650
-0.254181
0.305920
-0.407324
-2.895438
-0.408295
0.079999
3.121238
-1.860690
-1.850140
3.874509
0.027038
1.055704
-1.409761
2.189430
-1.619750
0.595004
-0.747759
3.426548
-2.630333
-1.080074
3.865109
-0.678572
1.484219
0.993431
0.062465
2.235084
0.823322
-2.681122
3.203782
-1.096423
-1.036322
-2.675083
-2.635654
1.740991
-0.081974
2.361670
2.907895
-1.233660
-2.118002
-1.610008
2.569354
2.993302
-0.590088
3.498928
1.276504
2.699639
-1.743471
1.875607
3.274837
2.563951
-1.873231
-1.446139
3.844043
2.542094
2.765447
-1.948679
1.179512
0.230800
3.487819
-0.780316
0.978005
1.040302
2.090685
-0.406836
2.811460
-1.785204
2.866570
-2.694896
-2.162878
2.368679
-1.767870
0.881295
-1.698021
-0.750106
-1.829351
1.646855
3.504190
-2.807927
-2.454007
-2.347336
-0.126560
0.928436
3.969456
0.488323
-0.188905
2.835653
3.927603
0.038710
-2.758311
-1.772586
-0.042251
0.406013
3.605709
0.747553
-0.927766
0.294499
3.290267
-1.490286
-2.951203
-1.920695
2.080830
2.844389
1.920623
2.738116
3.026719
-0.399071
-0.351918
-0.853935
2.597440
0.238306
-2.558089
-2.088282
1.754320
0.890077
-2.322866
-2.859712
2.176043
-2.142082
-0.784255
-2.305530
1.469732
-1.671563
2.208555
-1.206315
-1.609914
-1.719312
3.734813
3.508995
-2.473905
-1.398287
1.434610
-1.854151
1.151434
2.135708
3.526504
3.497890
3.171446
2.923259
-2.699790
2.868372
-2.565163
-2.255299
1.414479
3.017238
2.844276
-2.816510
-2.971988
0.671887
-2.868538
-1.595740
3.113117
2.047214
1.859593
-1.936667
1.983052
2.156200
3.554243
1.496324
-1.297492
3.428929
-0.997445
3.838134
-0.089760
-0.993378
3.212104
1.713800
-0.839778
2.262735
2.825207
-0.472501
2.638786
-0.484914
2.271990
0.255235
2.046326
1.035105
-2.359561
0.033285
-2.227925
-2.243131
-1.669180
-0.623354
2.791183
2.740839
-1.130765
-2.050865
-2.743279
0.911332
1.853526
-0.289639
2.076209
3.421971
2.335647
-2.641859
3.646425
1.154489
-1.928676
2.943336
-0.713063
3.183785
2.781416
-2.764333
3.073535
2.221480
-2.952033
-2.394278
-1.256480
-1.400765
-1.493616
-0.093343
-1.666726
1.393432
-2.060296
0.961160
3.239303
-1.359408
2.791598
-2.570416
0.024166
1.416905
3.398093
-1.824783
-0.280262
0.372764
0.166950
3.284014
0.917739
-2.530044
0.686470
1.399870
2.542788
-2.663563
-2.813468
-1.181372
2.851249
2.726792
2.880168
-1.016922
2.830681
-0.405641
2.506061
-1.224233
-0.962166
-2.613828
1.324896
-2.497267
-2.494733
1.630319
-1.738928
-1.613445
3.925412
-1.175714
-1.645243
3.900977
-1.275153
0.436409
3.016948
-2.850395
-2.474681
-0.229756
-2.170821
-0.911947
2.403089
1.867500
-0.442948
3.809479
-1.544983
-2.639230
2.719188
-1.601427
-0.890704
-1.889503
2.591831
0.925112
2.398614
-0.870844
2.602480
-0.300278
2.739123
-1.942490
2.748382
-2.594548
-0.065326
3.051975
2.004928
-2.277753
1.437384
2.934716
2.924776
-0.478529
-2.188344
2.001369
-0.293330
-1.696352
0.880627
-2.777288
3.898317
2.500334
2.650223
3.673508
0.900413
0.019044
3.008682
-2.632973
2.069874
-1.590479
-2.424073
2.294802
2.121750
-2.662633
-0.867535
-0.744354
2.412426
0.984760
3.055627
-1.367220
0.466801
2.525496
-2.346514
-2.407510
-0.902330
3.264101
-0.636497
-2.255688
2.618348
-2.783715
2.828720
-0.610585
-1.477541
-2.881264
1.013429
-1.418575
0.191630
1.838541
1.576149
-0.996101
0.497806
-2.279037
-0.030442
-1.286034
-1.765281
-1.836139
-0.272360
-0.653408
-1.612186
-2.014548
0.436627
0.537211
-1.970909
2.577238
3.357590
-1.368930
-0.547526
-1.381590
-1.715387
-2.549456
0.543315
2.558586
-1.537668
-0.901792
-0.247186
2.300057
-2.343929
-1.744461
-2.547614
3.499667
-2.586346
2.310660
-1.211192
-0.502686
-0.506665
0.586143
0.850284
-0.231885
0.449086
3.645895
-2.852397
-2.507993
-2.597930
0.662109
2.006886
3.853586
2.369827
2.066557
-0.144207
2.875198
-1.297294
0.473996
2.554021
0.716979
1.640800
-0.505290
-0.702326
0.067597
0.925855
0.726644
1.263530
2.396777
3.179344
-1.375586
-2.633389
-1.550744
0.271033
-0.727776
2.907674
-2.994396
2.275477
0.371260
-1.369199
-2.245038
2.899975
-1.498937
0.034310
0.141280
-0.356549
1.704204
3.207956
-0.231942
1.907772
0.921969
2.142782
1.233839
2.729897
1.970919
-0.015768
2.712041
1.321709
-0.283375
2.706550
-0.530075
-0.875950
2.244687
-1.171850
2.632866
0.866498
-2.019466
-1.840813
1.901731
-0.046499
-0.515055
-2.928245
-2.627288
1.649910
0.926507
2.356312
3.167711
0.800423
3.748681
-1.575280
-1.757261
3.116302
-1.571406
1.742063
2.640968
-1.040914
1.159633
-0.974593
-1.010937
3.957960
1.525982
0.223821
1.270180
-2.690548
-1.124612
2.890481
3.778430
-0.053445
-2.046377
0.533059
0.231940
-1.213241
-1.600807
-1.216235
-2.131464
3.317247
-2.801596
-1.499264
-0.514194
1.540697
-0.877861
-2.570048
-0.299375
-2.989184
0.959386
-0.832080
1.933095
-1.313563
-2.329903
3.827834
-0.800790
3.485300
-0.409611
-0.509317
2.618806
-1.278700
-1.492732
0.408311
1.725571
2.742709
0.229015
2.863026
-1.729310
1.847006
1.359940
-2.934033
-2.729051
-0.466955
2.270426
1.081228
0.838773
-0.428813
0.428304
2.261853
-0.494038
3.672061
3.049365
1.631510
1.963008
1.043392
2.709532
0.388702
1.338335
-1.704680
-1.082642
-0.066233
0.677592
-0.545257
1.018592
-2.076384
3.293774
1.406316
-2.092168
2.281952
-0.609507
-1.410379
3.379428
1.762100
-1.522640
-2.945959
-2.554534
-0.061971
3.281595
3.775221
1.476503
-0.851452
3.263900
1.381587
-1.091668
3.183631
3.060861
-2.406826
-0.083143
-0.379581
-0.692034
2.728339
1.215724
3.397397
-1.080978
-1.462218
2.192117
2.176008
0.776113
1.112017
-0.008432
-2.463519
2.949636
-0.197064
2.885064
1.461876
-2.117776
1.652561
0.997062
0.949253
0.332088
3.663021
-1.670440
3.627827
-1.409585
0.237209
3.491663
-2.178009
3.660738
-2.718614
0.939812
-0.593254
-2.357943
2.115395
0.129636
-1.545014
1.106639
0.910576
-1.212593
1.196777
3.755567
3.813800
0.011756
-1.903486
-1.940074
3.299102
-1.498792
-0.697894
1.050661
-0.510623
-0.953483
3.344384
-0.056008
-2.847526
-0.112696
2.042748
2.268546
2.598009
-0.960054
-2.389001
1.809976
-1.989389
0.150836
2.449950
-1.635128
1.641171
1.361054
0.483118
1.185434
3.574447
3.766828
1.750375
2.175318
-0.308124
-1.092427
-0.206790
0.393070
-1.271796
1.259562
-0.067606
3.835645
-1.926688
3.243870
-1.905596
-2.365910
-0.155509
-2.067080
2.463165
-1.400722
-2.840898
1.457716
1.160725
-2.977454
0.496782
-0.280290
1.414156
2.417945
2.557738
-2.589880
3.541257
-2.932645
1.778579
-0.342064
1.922797
-2.005359
3.274383
-2.583602
-2.638634
1.200346
0.406782
-0.423697
-2.784637
2.329806
1.622951
3.046455
-2.566734
-2.779642
2.555153
1.933799
-1.425477
-2.098501
0.011627
-1.176220
2.334290
1.193860
-2.441102
0.645673
-2.234765
0.669710
1.009514
-1.578496
3.058201
3.514283
1.468872
1.457585
2.764962
-2.429573
-0.301719
0.766025
3.967263
3.595910
1.561175
1.715828
0.203636
0.729375
-2.093538
-1.819239
2.406714
1.532387
3.497987
-2.055884
-2.967317
1.322615
-1.169769
1.006101
2.248029
1.937311
-1.523689
0.622844
1.776656
1.667400
-1.977625
2.086154
-0.724741
0.151688
-0.007057
-2.951865
2.982177
0.131668
-0.745941
-0.228104
-0.106985
3.972596
-0.087935
-1.268939
1.362003
-1.555528
1.328782
-2.775110
3.447134
2.733747
1.931299
3.278059
3.419658
-0.255104
2.004268
2.508328
0.972599
1.151739
3.805630
-1.052643
-1.755688
0.308542
3.397400
-1.158450
1.493740
-2.100867
-0.208306
0.937478
-2.613909
-1.816163
0.289128
-1.625539
3.725249
3.075356
-1.122234
2.257312
2.661861
0.830476
1.734752
2.058475
3.007245
3.744807
-0.264905
1.273085
-0.743786
1.698757
-1.095178
-1.022800
1.881469
3.190982
0.471996
1.059291
-0.775428
2.450781
-1.206079
1.839987
0.021934
1.237541
3.001158
0.733388
-2.191057
2.907406
-2.439963
-2.652056
-2.014657
-0.040146
3.203109
1.638271
-0.713581
-2.794131
-1.581729
-0.495881
-1.901451
2.661216
-1.570547
0.239421
0.611691
-0.165703
-0.015470
2.980757
1.209812
1.651429
-1.344891
-0.652631
3.418978
-2.430341
2.315834
-0.962033
2.669068
-1.429914
-2.678181
-0.789202
1.814290
3.276504
2.582772
1.295612
2.041108
0.345495
0.420143
-2.328676
-0.489545
2.949974
3.583390
3.050990
3.397096
-2.222084
0.347106
2.941890
2.796482
0.472631
-1.778263
3.209589
2.029528
-0.192121
3.986344
-1.619058
2.436166
-1.777877
-1.249933
-1.888839
3.522749
-0.525454
-0.186208
0.691637
1.275717
2.022785
-2.882746
3.767790
-0.015482
-1.525223
-0.129228
-0.822413
-0.783585
3.010163
-0.259725
-2.742362
2.185281
1.946729
0.063593
-1.358346
2.352662
2.073275
-1.016245
1.734793
1.903809
3.972898
1.334198
-0.597485
-1.326836
-0.180437
-1.566968
-0.298034
3.841514
3.420923
1.187489
1.460326
2.632413
3.273519
3.374851
-2.341903
-0.303967
-2.900888
1.807562
2.253354
2.394080
-2.691189
1.970964
-0.877169
-2.015098
-2.117512
3.323027
3.173585
-1.096600
-2.159420
2.944506
-1.140273
0.431439
3.327468
-2.555814
2.435724
0.191803
3.493296
2.445585
2.127649
-1.705897
-1.364599
-2.585599
0.628599
1.117594
2.334456
0.868331
1.534094
-0.254205
2.306586
2.958468
0.248743
0.391147
1.919532
-1.127740
-1.372469
-1.908531
1.116315
-0.641878
-1.297351
3.083251
2.504505
1.583041
1.912342
1.170488
-2.367600
3.653366
3.698589
3.902670
3.776799
-0.833134
-0.924239
0.282993
1.849894
3.617808
3.063502
-1.852190
3.847212
1.524726
-0.165787
0.732632
-1.023864
0.268996
-0.779803
-1.415084
-0.320215
-2.270473
3.199693
2.568909
3.242984
-1.345622
-2.878966
-2.213179
3.756033
3.425639
-1.997271
3.207837
-2.380103
-1.673059
0.324454
3.016428
3.704256
-0.257223
1.226141
-0.502212
-1.876286
3.428970
-0.139650
-0.049281
2.302558
-2.652734
1.324525
0.904700
1.162562
0.262557
0.274838
-0.263443
-2.135128
-1.646651
0.373685
-1.480812
3.619927
-0.242348
2.619988
-1.862520
-2.912194
1.065053
-2.891201
2.566595
3.550064
2.745838
-0.198707
-2.568540
-2.055616
1.900167
0.114918
0.306873
0.122122
0.748084
-0.200384
-2.255774
1.135754
-0.231362
-1.025905
-0.816965
-0.640629
3.207004
-0.891956
2.945292
0.995583
-2.335805
2.608536
2.018220
-2.920643
0.492593
-1.951231
3.660563
-0.101182
0.100138
-2.329923
-2.148059
-1.709651
1.932443
2.485448
0.568006
-1.700401
-0.071458
-2.468383
-0.101840
3.250449
-1.369110
-0.390012
-1.708450
-1.670182
-1.496704
-0.832257
2.369842
0.020881
1.427246
3.172472
2.727316
1.806791
-1.893776
-2.561720
-0.701527
1.526544
1.315382
3.153016
-1.363656
-1.002298
3.868882
3.691746
-0.274437
2.125921
3.039558
3.931051
1.038282
0.167481
-0.112376
0.781598
2.976377
2.271265
-1.695735
0.481295
0.229651
0.636021
-0.905793
2.657466
-1.499667
2.258218
-0.226952
2.972284
3.905621
-0.844312
-0.433460
0.371538
-2.254221
-2.112695
-0.261396
2.864334
3.032670
-1.133919
-0.616464
-2.909060
0.922725
3.878378
0.220788
1.301519
-1.179941
-1.711763
-2.382713
1.129535
2.644115
-1.159390
3.921928
-1.332327
-1.791417
0.847671
-1.468456
1.273913
0.396497
1.149442
3.920565
1.173932
0.998994
2.505676
-1.065653
-0.435403
2.919031
-2.483055
-1.200754
2.566259
0.854142
-1.387554
0.374665
1.090707
0.614140
3.627808
3.408102
2.221027
0.174408
-2.425454
-2.475096
-2.530781
1.158369
2.622872
3.879663
-2.101290
-1.477073
-0.863711
-2.209560
2.668562
2.921871
-0.566816
1.120511
1.128489
0.339932
-2.749442
3.199897
3.736848
-1.347011
2.088312
2.736361
1.598531
0.082673
-2.992059
3.245405
2.212535
-0.951081
-1.143590
-0.947529
-0.609532
-2.595630
-2.701064
2.496217
2.976565
2.134727
3.474528
2.782099
0.180463
0.937242
-2.502404
-1.290430
2.147561
-1.077937
0.591875
0.513634
-0.302646
0.834926
-1.857259
1.661487
-0.962698
-2.358320
2.041669
-2.897160
-0.775148
1.724192
0.283521
2.211596
-1.929544
1.770329
3.996837
-0.112586
-2.397758
-0.191940
-1.318965
-2.667216
-0.073445
-0.025457
3.205110
3.083267
-1.797886
-2.859447
-1.850436
-1.857464
3.449526
3.119462
0.872621
-1.841308
-0.815187
2.145523
1.314779
1.740044
-1.979334
2.485692
1.611900
-2.838081
-1.398200
2.450299
-1.394070
1.578762
-0.576318
0.355051
-0.151347
0.281713
-2.351665
3.145189
-0.250498
1.186497
-2.742181
-1.819289
-0.509817
-1.680095
0.925558
-2.178111
-1.311598
-1.215119
3.438311
2.156378
1.746371
-0.088172
1.571688
0.488625
1.364190
0.520429
-0.579658
0.478979
1.985703
0.006337
1.776938
-2.315834
2.322392
1.257915
1.712471
2.126643
-0.379384
-1.528023
-2.799843
-0.903101
3.501740
3.751093
-0.926391
3.283866
2.640082
1.688636
2.549785
0.783890
1.032803
-1.770202
-1.535820
0.725525
2.538354
-2.993006
3.895834
1.336287
2.235649
-2.760725
0.857646
3.497731
0.936395
-2.109023
2.365960
1.638379
-2.159933
-2.517842
-0.052976
3.592558
-1.014812
0.049244
1.299929
3.888363
2.676378
-2.637846
3.308258
-1.362124
-2.560645
0.330118
-1.486703
-0.573541
0.485020
0.991860
1.123705
-1.708990
-2.881155
0.713374
1.498630
-0.002202
-1.711369
-1.093100
3.238219
1.147707
2.010109
-0.020432
-2.750409
-0.463310
0.147191
2.499860
2.060126
3.715077
-2.099071
-2.906416
0.267819
3.720097
0.413048
-0.161939
2.863600
2.799161
1.091063
1.532255
3.760948
0.714389
-2.766778
-0.935687
-2.086137
2.104573
-0.875682
0.213311
-1.570375
0.185110
-2.675073
-1.638709
-1.953758
-1.882933
-1.129165
3.118627
0.242864
-2.806987
-2.443064
-1.757364
1.309614
-2.973927
-1.486089
3.735859
1.830542
3.616222
-1.660422
2.176673
-2.448569
3.301367
2.762036
1.494672
2.750391
-1.247850
-0.311772
-1.245904
0.208156
-2.106116
2.581681
3.664849
3.292251
1.046751
1.954944
-0.705165
-2.284881
-1.730331
1.072913
1.738366
2.895119
3.873160
1.211046
-2.549786
0.227229
-1.645424
1.870561
2.719534
3.607947
2.623769
3.083633
0.045034
0.841855
-1.470215
0.276017
1.726559
-2.177449
1.480589
3.378585
-1.352679
1.509028
1.620843
3.240731
1.682914
0.207736
-0.319079
2.477931
0.441477
-1.269783
0.737791
-1.027025
3.901310
1.769763
0.902437
2.452412
1.869156
2.012289
-1.501132
-2.199341
3.964040
0.633837
-2.074471
-0.643536
1.204765
-1.601974
-2.099384
0.900825
1.807674
2.901994
0.543105
-2.824424
3.749995
3.964803
2.558944
2.231887
-1.483356
-0.749948
3.159801
2.412144
-1.420985
-2.043407
-0.373820
-0.238339
-1.566366
2.920455
3.901098
-1.067501
0.585254
0.990955
-1.949139
1.878469
2.481520
3.511050
1.509593
0.056417
0.751055
0.201343
2.268803
2.925561
2.138885
-2.777240
-0.029587
1.614727
-0.034068
-1.938888
0.287268
2.329086
0.203160
-1.714512
3.257872
2.440169
-2.284720
-0.346608
-1.920733
3.736200
0.750636
3.715195
0.488788
1.309081
1.776477
2.105826
-0.476836
-0.087064
-2.384855
1.620023
2.522779
0.426441
2.382843
-2.401861
-2.607303
-2.189858
-2.072130
-0.005623
-0.358994
2.703635
-1.585768
-0.755213
-2.918460
-1.026432
-1.302991
-1.099668
-0.999613
-2.831281
0.680976
3.510365
3.199147
2.220361
-1.644272
-0.214147
3.340253
-2.240648
1.051332
-0.290933
-0.630007
2.827791
3.624906
-2.604011
3.054385
2.509105
1.449156
-1.936002
-1.273591
-2.337344
-0.447894
-2.284308
-2.740514
3.168215
-0.530044
-2.825408
3.014666
3.196802
-1.347782
3.369445
1.381969
1.495570
3.362228
-2.307826
-1.638149
0.674860
-1.514941
-2.840375
2.187693
-1.564130
-0.965923
0.573036
-1.184802
-2.744894
2.638999
0.645832
3.625428
2.691329
-0.841394
1.388982
1.970907
2.112241
2.833627
0.900515
1.064997
1.240882
-1.560688
0.760777
3.687026
-1.388772
-2.623449
1.010966
0.848173
0.973873
-0.652378
0.308333
-0.026757
-2.248269
3.795928
0.244184
-0.292147
-0.494597
3.821217
0.042508
3.218055
-2.457704
-2.544413
2.017922
1.204008
0.241660
-2.571674
1.613634
3.062739
1.547304
-2.945606
2.729210
-1.899644
0.880777
1.486638
-1.887675
-0.834600
-2.037065
3.039113
0.192486
-2.678314
-0.422126
-1.197045
1.572917
1.345009
2.961286
-2.648728
1.795263
0.328803
-2.849276
1.847256
0.847918
-2.123024
-1.032466
2.726008
-1.167718
3.790914
3.261752
1.182306
-2.158770
0.851077
-2.204618
-2.101376
1.992074
-1.833355
-0.425907
-0.007156
0.263473
-0.172143
-0.131505
3.767878
-1.116996
-2.899871
3.271623
-1.804434
-2.773352
-1.490663
-1.425836
-2.348330
-2.780696
-2.631647
-2.745489
-2.431999
-1.024558
-0.223123
3.963429
-0.126959
-1.635708
-0.089030
-2.986393
2.554730
-0.687924
1.311546
0.878021
1.179901
-0.016003
2.927145
2.547778
0.772571
1.036811
-0.082209
-0.316439
0.442226
-1.735570
-2.229049
3.597527
1.659778
3.424898
-1.963361
1.634073
3.203994
3.349900
2.534264
1.477034
-1.973711
2.369490
2.296987
-1.632901
1.687566
-1.983877
-1.642568
2.560220
0.016453
0.736847
-0.486964
-1.728877
-1.392096
-1.329745
-2.720677
2.394748
-0.169598
-1.806678
-0.804648
3.600761
3.076171
-1.397068
1.587494
0.523196
-0.937014
1.519572
-0.811335
-2.687646
1.007465
2.593725
-0.961361
-2.332775
1.040345
2.874613
3.894633
2.486048
3.611464
3.733607
2.610205
-2.122948
2.906021
3.486232
1.773191
-2.383655
2.531298
-0.577948
-2.485084
-2.094757
-0.569439
3.610461
-2.290152
3.473126
-2.668000
1.196101
-0.326371
-2.798732
-2.478743
2.020073
-0.134514
2.399141
3.469816
2.545477
0.424383
-1.841220
-1.290694
1.044695
3.827125
0.095013
1.728028
-2.066169
-1.640346
-0.501753
0.705259
3.886337
3.871463
1.702129
-2.606072
1.833776
-0.596736
3.986089
2.676401
-2.849049
1.373347
3.268769
1.984874
-2.517478
-0.157708
-0.800656
0.746038
-0.640119
0.647715
2.745386
2.437337
1.698431
-2.731268
-1.416881
2.258103
-1.800326
0.829134
-1.846994
2.845679
-0.257738
3.455028
3.525207
3.125596
-1.620261
-2.511272
-2.085413
2.746385
3.103580
-0.267565
1.876666
2.279105
0.083230
-0.318177
2.273660
1.922250
-2.600707
1.747292
-0.079268
-1.340828
-1.255127
-0.288830
2.889049
2.693666
3.691483
-0.716858
-0.422444
0.052820
3.867300
-1.332173
0.635871
1.985170
2.646557
0.165199
-0.750170
0.332574
0.040211
-0.297710
2.080781
2.765580
-1.239057
-2.104209
-1.272464
2.246990
-1.013701
-2.123313
2.291105
1.249815
-2.626740
-0.317012
-1.633784
-0.264095
1.981752
1.354473
0.742865
0.329190
3.218518
2.831900
-2.268720
2.765428
-0.156677
0.308365
-2.246819
2.725602
-1.808197
-0.295763
0.626204
-2.843139
1.508977
-2.948356
0.698836
0.048533
1.630652
2.971254
0.434300
0.621697
2.275896
3.966487
-1.612349
-1.683268
3.714368
-2.833205
-0.767283
-2.403628
3.347874
0.891642
0.040861
-0.021878
3.771085
2.340761
-1.368982
3.599926
3.051463
2.074301
-0.032968
-0.366570
3.901889
-2.487314
1.644555
0.293513
-0.231612
-2.231837
1.860533
-0.305765
-0.350915
-0.029097
-0.157805
-2.037743
-1.413580
-0.337977
0.886643
-0.264070
2.741103
-2.023913
2.804344
-2.644059
1.325994
3.006012
-2.140129
0.173825
1.603951
-2.577655
2.477767
-2.363741
3.123307
1.489648
3.334993
-0.297207
0.830509
-0.278406
-1.626786
-1.606513
1.848682
-0.516275
0.569924
3.302887
1.214159
-2.182573
1.511848
-2.400832
-1.503046
1.805852
-0.640811
-1.927254
1.304145
-1.041706
2.625054
3.221663
1.987622
2.955747
-1.686345
0.445559
-2.645823
-0.109168
-0.339211
-0.957229
2.910548
0.041287
-0.325196
-1.573883
-2.095076
-2.375772
0.312991
2.065136
0.859394
-2.395963
1.248745
2.404183
0.940183
1.934603
3.186770
3.124067
3.039038
1.222345
-1.043559
0.105552
3.629878
0.617294
0.797465
-0.471718
2.232213
-2.635835
-0.257650
0.711037
1.874414
-1.728125
1.089540
3.679376
0.781215
0.272844
1.384648
-1.504176
-1.607456
-0.044510
2.117672
-0.178848
2.441493
-0.096229
-0.262291
-2.918391
-1.827924
-2.573905
1.101948
-2.626732
-2.348764
-0.157735
2.611242
0.017857
1.742525
2.503067
3.901622
-0.478603
-2.302206
3.047986
2.957905
-1.867485
3.355307
1.031400
1.319614
3.513688
2.007677
3.302399
2.403833
3.610861
-1.481656
-2.079804
0.483801
-1.336921
-1.385748
3.750147
0.896337
0.813333
0.264412
2.684843
0.512250
-2.828446
1.141153
0.031738
2.568250
-1.361492
-2.273488
3.602316
-0.517507
-2.656833
-0.240172
2.167841
-1.320695
1.581592
-0.851136
-2.250370
-0.181340
-1.775885
0.747903
2.963882
-1.821518
-1.601709
-2.259124
-2.558775
-0.561542
0.208735
-1.030723
3.067498
3.745217
1.213435
-1.583668
-2.778402
-1.790848
-1.138679
-0.455799
2.163454
-2.299465
-2.595513
-1.956212
2.907969
1.529135
2.006192
3.243095
1.693164
-0.423365
-0.803111
3.049183
0.871142
-0.930044
-2.539922
-1.783116
-2.055780
-1.087233
-2.495080
0.664815
-2.589763
-2.294763
2.445273
-1.000601
-0.153885
-0.741225
0.248431
0.159544
0.768709
2.252564
3.151880
0.592026
0.461151
-2.771360
-1.437501
3.885346
3.378196
1.292333
0.480584
-1.397653
-1.094831
-2.189283
0.919567
-1.701070
-1.453088
-2.073000
-2.050347
2.561456
-0.766491
-1.677827
3.179154
0.522147
1.728958
0.174810
1.700202
-1.404171
-2.224576
0.794482
0.865753
2.035762
2.106530
-0.212729
-0.340192
3.363334
1.162613
0.040633
3.656888
0.178883
1.105368
2.200467
-1.338230
-1.560633
-0.736526
-2.039432
-2.611861
-1.355155
-0.196960
-0.452571
2.033929
-0.772845
3.870019
-0.816495
1.640130
3.925533
2.158129
3.326723
1.203077
3.232189
2.233766
3.455955
-0.368642
-1.415843
-1.983246
3.404746
-2.492543
0.726153
3.045147
0.380154
0.922587
-2.820544
3.850372
-2.238266
3.434285
-2.728128
2.568157
3.455701
3.608077
1.007342
2.936409
3.126420
2.708996
-1.230828
2.085190
-0.908758
1.668980
-1.457681
0.285986
0.740747
0.735682
-2.507331
2.356946
2.122242
2.770169
-0.482692
0.925824
3.293464
3.992237
3.936919
3.963730
3.399927
2.278463
-0.350799
-0.178897
-1.086971
-2.601489
3.952654
-1.428112
3.500170
-2.283408
0.795895
-1.376788
0.143855
1.398521
1.279210
-1.104200
-1.231727
1.172880
2.751602
2.359095
0.763962
1.286778
2.492767
-0.739794
0.231461
1.751330
-0.009609
0.398406
3.361129
-0.222292
-1.728341
1.709334
0.487735
1.864123
-0.325067
0.437344
1.678002
3.728725
1.128104
1.050039
-1.471143
-2.312377
-1.069299
-2.397840
1.251303
-0.497002
-1.691699
-2.563948
1.368232
-1.854215
0.334325
3.082455
-1.986256
1.574777
3.610921
1.211669
2.209507
2.114021
-0.644955
-2.339225
1.474442
3.411300
2.312158
1.384385
-1.231739
-2.046954
3.273601
-0.677220
3.457834
1.168324
3.389561
0.509868
1.119212
2.507479
1.891334
3.177887
1.412282
-1.282889
0.884081
3.363331
-2.109039
-1.542845
0.205597
0.641607
-1.620685
-2.356510
-1.164447
2.477388
1.144931
2.149768
0.246532
-2.868172
-0.399837
-2.793638
-2.242518
-1.182319
-0.905714
-1.767002
-2.807245
3.374852
-2.925192
3.960003
-2.115598
1.290334
-1.657173
1.172773
2.091940
3.306315
0.813841
1.256564
1.453800
-2.768708
2.006557
3.854038
1.092108
0.625948
0.633734
-0.887685
2.118759
1.011474
2.512412
-0.330480
-2.249117
-2.857216
-2.699882
3.813450
2.774172
-2.070543
-1.947635
-2.749833
-0.548549
1.993299
-2.347428
2.796459
1.244496
2.580619
2.482769
3.737131
0.723412
1.199416
-2.382356
-0.911594
-0.945191
-2.140841
1.383981
-2.533122
-2.161965
0.360827
2.626982
2.950627
-0.316578
-2.096782
1.559434
-0.587811
3.081410
3.222250
0.837818
-1.163368
2.767901
-1.166144
3.312985
3.953376
3.543360
3.767615
0.192529
0.239529
3.174874
3.816749
-2.901648
3.577822
0.572213
1.674841
3.817827
3.963965
-1.964341
3.271122
-2.311955
-1.187995
3.920856
1.319574
2.274935
-1.985321
-0.927334
2.886497
0.346101
1.374712
3.741117
1.321880
-2.098402
3.377190
-2.001870
3.046719
-2.590173
-1.597306
2.241415
1.180152
-2.458199
1.669829
-1.667577
3.184103
0.289122
3.266609
2.852911
-2.368640
-0.830251
1.439438
3.740228
2.159549
-2.789706
0.360524
2.873120
3.804351
-0.927962
-2.440729
-1.266106
-0.665719
3.223449
-0.474397
-0.994978
-2.860052
1.533227
2.660155
1.794622
0.973966
0.814570
-2.606871
0.415612
-1.059780
-2.038610
-0.294738
1.342730
3.409959
-1.790343
-2.012497
3.392436
2.340462
-0.052099
-2.632780
-2.465378
-2.891893
-1.825711
0.148603
3.111245
-0.665353
-2.673565
0.532953
2.834731
0.282693
1.388547
0.281341
0.506802
-0.785529
-1.329786
0.947958
-0.287872
-1.335250
-2.461170
1.340843
-2.553202
-2.250387
-1.735053
0.352651
-1.773947
2.313918
1.564473
2.823896
3.615786
-2.784925
-0.450030
1.489678
3.913367
2.221583
-0.231301
-1.521965
0.450994
2.020691
0.252519
2.006370
-1.429367
2.341569
-0.888801
2.023810
1.689900
1.190499
2.746818
3.959081
2.418412
3.062953
-0.943674
-1.940046
2.570359
0.489212
3.078811
-0.185901
-1.723473
1.750646
3.635251
2.278917
3.371679
0.034424
-0.906912
1.567939
1.095283
2.116706
1.253304
-1.343598
0.154880
-2.370816
-2.240262
-2.080483
1.343456
-0.434938
2.935271
1.345955
-1.959354
-2.445169
0.519606
2.267505
-1.327049
1.993719
3.641794
-0.933678
-1.659014
3.582202
3.240376
2.394686
-0.929484
-2.000084
-2.557912
0.166383
3.438777
2.279938
2.119311
0.342510
-2.676543
-1.712488
1.882985
-0.893006
0.264998
-1.953747
-1.172865
3.309002
1.111508
-0.294262
1.461348
1.954763
1.953005
-2.534171
3.650625
1.695788
-2.674596
-2.397275
-2.145025
1.019608
1.321298
3.016270
3.297318
-1.792746
-2.009285
1.765278
0.860167
2.737225
-2.854661
1.755872
2.227926
0.485670
-2.340239
2.138799
-1.680497
2.591700
1.454830
2.775954
-2.136426
-1.206897
0.037556
-2.082802
-0.881821
-1.841889
-2.451353
-0.339136
0.057820
2.155080
-1.315835
-0.844106
1.781829
-0.046152
1.366566
-0.579039
1.142399
-1.201855
-2.486990
2.602549
-1.854837
-1.805164
2.263242
2.556226
1.370159
-0.341563
2.034829
-2.126792
1.630185
2.875186
2.822433
2.083243
-2.755832
-1.172270
1.250696
-1.335263
1.008606
0.158937
1.366381
3.006370
2.093010
2.378218
-2.930389
0.081808
3.188764
-0.782558
-1.043700
0.287738
-2.109015
-0.561565
3.353374
-2.633155
-2.281770
-1.262281
-0.931246
1.636751
-1.160880
2.949905
1.650159
3.718374
2.561662
-2.051963
0.242080
3.990198
3.718413
2.991939
2.208276
-2.786010
-0.736777
3.540129
1.910724
0.191221
-1.481405
1.753921
-2.507765
3.457569
-1.472784
1.242805
-1.449119
-0.822029
-0.833836
3.983176
-1.974609
0.975517
-2.447778
-0.200397
-2.775079
1.544960
0.750450
-1.240265
2.706266
3.071540
-1.133995
2.579109
1.518770
1.468786
0.130915
3.784925
0.603871
0.397041
2.051005
-1.047310
2.395380
2.530747
-0.836548
1.239281
3.730056
3.743968
3.034001
-0.130458
-0.744532
2.944281
1.308481
0.420184
3.226450
0.248619
3.524867
2.933001
2.432061
1.638668
3.827322
-1.563300
-2.053744
3.258375
1.084736
-0.481743
-1.353311
3.047479
-1.690582
-2.690542
2.099391
1.954582
2.925852
-0.985062
2.255930
3.386329
0.776005
0.877466
1.110601
2.608901
0.090275
0.165572
2.642814
-1.701455
3.069355
-0.915826
-2.286615
0.144236
-0.218043
2.539662
0.349529
0.525024
0.618030
2.829004
0.086385
1.100112
3.650223
1.447986
-0.705151
2.610486
0.478117
3.707552
-1.000173
2.251686
2.853904
1.719163
1.041443
3.574463
-0.865168
2.123521
3.576828
-1.112845
3.657086
2.902671
1.075217
-0.017797
1.635902
1.171356
-0.359640
-0.415870
3.799137
0.542082
0.077332
1.982065
3.750645
-0.682762
3.788688
2.474884
1.472653
1.082870
-1.352645
2.098829
-0.544422
3.146931
-1.494044
0.775153
0.869200
3.644253
-1.868737
-1.465922
-0.495659
2.928660
-0.752707
-1.856278
3.049269
3.830113
-2.471458
-0.655231
-2.281837
-0.913125
-2.583777
0.641374
-1.631266
0.363161
2.877678
1.818924
2.834303
-1.325343
-0.933841
-1.902439
-0.840113
0.676919
-2.195002
0.561498
-1.101054
-0.808692
2.634948
-2.793469
-0.145835
-0.898922
-1.467192
-2.251760
-0.423770
2.926270
3.227259
1.993953
2.955066
-0.399170
2.643220
3.433447
-1.439989
-0.088968
-1.686974
2.604682
0.438187
2.889313
-2.202371
-0.275799
1.520149
3.162470
1.146667
-2.366781
2.940361
-2.110916
-1.999494
0.722312
2.951922
0.447119
1.460407
0.357573
0.151883
-0.690199
1.883348
-1.972459
-1.102154
2.037358
3.463076
-2.384163
-1.356730
1.367131
-1.964746
-1.489032
-0.347694
-1.960233
2.527833
-1.699443
-1.019900
1.023497
-2.020310
-0.308448
-0.266812
1.955736
3.530702
-2.993251
1.943851
0.373251
3.045561
-1.450458
-2.868066
-1.398298
1.083508
2.080828
-0.023740
0.378334
2.487010
-0.084879
-2.252631
2.590233
0.876143
2.103799
1.899669
1.805824
1.825967
2.320087
1.013154
0.144398
-0.263414
2.057677
-2.906389
0.513921
0.691678
-2.588368
-1.301493
3.462911
-1.766669
-1.560974
-0.701212
0.799222
1.512708
1.691322
0.707859
-0.700675
1.799173
-0.459791
1.829859
0.981518
2.749847
0.065305
-0.327632
-0.516485
0.192739
-1.032522
2.841077
-1.388054
-1.121946
-1.593692
0.727899
2.693586
0.818449
0.860684
3.705615
0.949131
-1.695031
-1.458337
-2.324178
3.738873
1.069097
3.314229
0.735585
-1.724872
0.254528
2.571512
-2.772326
1.749799
-0.664949
-2.309732
-1.363216
-2.142760
0.970293
1.852497
2.358678
1.374769
2.407659
3.978902
1.541378
-0.902389
-2.283746
1.455276
-1.747548
-1.358512
1.718299
2.858849
0.516018
-2.700500
-1.033387
1.550041
-0.169883
3.396979
-1.549679
1.536256
-2.508260
-1.571421
-1.080606
-2.673857
0.711806
3.916922
-0.233995
1.669229
-2.582647
-1.685658
-0.614998
-2.328377
0.749440
-0.439303
-1.969265
-2.514907
2.222549
3.437023
2.735641
-2.542279
-0.257901
2.131474
2.465704
3.882297
-2.240428
3.549707
-1.911724
1.242146
-0.594759
-1.291155
3.950462
-0.749578
-0.630527
-2.381602
2.411589
2.327497
2.451213
-0.465855
1.548774
0.253955
-1.509092
0.603600
2.149566
3.271038
2.921019
-0.828995
-2.031430
1.111871
-2.186394
-1.151278
-0.272725
-1.430281
-2.270322
2.581572
1.684415
1.686883
-2.860824
-0.952912
-0.872105
3.309876
2.664038
-0.974586
-2.908532
-0.245355
-2.680005
-1.552472
1.859029
0.270719
-2.270015
-1.663353
-2.098459
-2.474292
-0.757693
2.421624
0.381764
0.025220
1.342758
1.209221
1.652926
-1.870307
-2.216996
0.699664
0.706971
3.815381
3.701828
3.437190
2.476713
0.537836
2.114903
0.059895
2.501318
-1.386312
-0.835822
-0.583467
1.311766
1.720460
2.766937
3.651301
3.601892
-1.342414
2.117395
1.544955
0.856353
2.926135
-0.512160
0.597131
0.252249
-1.482079
3.253839
1.309248
1.978536
1.203339
-1.844457
-0.098409
0.070167
2.671582
0.304344
1.134022
-1.425324
2.054934
3.268846
1.189990
-2.275345
2.037473
-2.017964
0.269729
0.876105
0.675551
0.186510
-1.413940
0.536085
0.908568
-2.089730
3.060070
3.991776
3.184899
3.076009
-2.446925
1.339180
0.489637
3.294117
0.827058
-0.127118
-2.177195
1.335504
3.459543
-1.990741
2.535226
0.691753
3.307543
0.836851
-1.041310
-0.516849
-1.228465
0.897593
-0.279652
3.014488
2.358186
3.850725
3.537504
2.907968
3.345326
-1.691439
3.282015
-0.996506
3.053525
2.984668
1.635072
0.261987
0.304362
-0.467910
-2.162183
-2.049764
-2.783194
-2.326589
-0.318021
-2.405287
-2.972544
2.019746
0.210372
1.534814
0.487932
-2.378756
-0.000609
2.701847
-2.783741
0.773448
-0.685929
-0.401508
1.255470
0.623842
3.251265
0.569495
-2.650812
2.504010
0.865012
2.421425
-2.098779
0.019041
-2.212070
-0.129707
-0.481014
-1.465637
2.419367
3.651922
3.041950
2.646552
1.941740
-2.665473
0.193963
-1.606800
0.280133
-0.815308
-0.500349
2.493677
1.975242
0.887536
-2.179113
-2.410712
2.629368
0.302628
2.238986
0.820435
0.631075
2.881073
2.730627
2.773940
-1.386662
-0.768168
2.888888
1.380875
-2.495732
3.174560
-0.195818
1.021420
-1.778632
0.430866
-1.249101
1.195056
-2.967493
-1.348282
0.370140
0.865044
3.883154
2.813906
-2.859225
2.133240
3.360260
-1.693257
-2.133048
-1.523997
0.116693
-1.740868
-0.477835
-0.531249
2.254912
1.408510
-2.995181
-1.642373
1.938728
1.260108
0.528419
0.178186
3.205354
1.537868
-1.106948
3.801959
-1.438554
3.355475
2.554086
-2.169825
2.030281
-2.992032
-1.482079
0.696377
-2.293875
3.032028
-2.623611
3.827702
3.348435
2.696064
-2.768349
0.178509
-0.163748
-0.047517
3.171505
2.887867
-2.065845
-1.155618
-2.621863
3.334067
-1.383977
1.149443
3.381143
-1.374372
1.552836
2.375283
3.305402
-1.961412
-1.842464
-2.606101
3.931757
1.200846
-2.084506
2.433658
-0.564120
-2.689754
-2.306996
1.776021
-0.394149
0.114759
-2.336569
3.928578
3.315205
0.837891
1.039243
-0.478840
0.334695
0.471711
3.471550
-0.866599
-1.770365
-1.515577
-2.289182
-2.971236
0.661017
1.719151
0.608279
-2.280758
0.082868
1.210747
2.644213
-1.253285
-0.936664
3.464918
0.519752
1.052845
-0.429580
1.042867
-0.619184
1.935035
3.295095
0.887411
1.722768
3.297201
-1.253634
-2.792058
3.756811
2.824262
-2.503471
0.996105
-1.432001
0.921674
-2.825978
3.573017
2.700891
2.872056
-1.799397
-1.120953
-1.292799
-0.268212
3.287044
-1.900225
0.140112
-0.807612
2.350036
1.589523
-2.505894
2.653392
0.155364
-0.075275
-1.646718
1.145540
2.558264
2.083008
1.632150
2.786821
1.533298
-0.469542
-0.620898
-1.140112
-0.132856
2.579052
1.131292
-0.807334
0.705485
2.872695
3.243239
1.784343
0.296082
-1.649936
-0.870757
-1.117010
3.089356
-1.420885
-2.904050
2.257239
1.138843
3.069734
-0.436132
2.318421
0.356860
3.724640
1.425728
-2.890562
-1.587472
3.030781
0.982085
2.745759
-2.324360
3.162563
-1.522224
2.002662
0.055914
0.801011
-2.836838
3.738323
-1.758506
-1.543350
3.462236
-2.587739
0.755931
-1.445166
2.933029
-0.262016
-0.373726
-0.747771
0.024874
1.885141
2.798291
-2.718262
1.492868
2.786740
1.160923
3.462495
0.039418
-0.529516
3.912985
-2.555787
1.411798
2.348319
-2.464685
-0.277975
1.218118
-0.880946
3.328267
1.817960
1.429236
1.064210
3.299892
-0.441790
1.707820
-2.017093
2.294734
-1.817998
-0.920519
-1.118548
-1.810343
1.800954
-2.669698
-0.357449
3.702555
-0.705416
1.920597
-1.159698
0.829700
-0.369035
1.430918
0.956790
-1.233801
0.000340
-2.388308
3.902106
0.325027
-0.964524
-2.372117
-2.159959
0.170216
-0.889714
-1.949255
-2.618032
-2.180078
0.975852
3.979858
3.572661
1.440836
1.286546
2.850591
-0.807454
0.127756
-2.861274
-1.913233
0.437047
3.717264
-1.361871
3.620292
-0.237516
-2.863135
0.234715
2.676577
-1.406969
2.066091
-1.371732
0.847399
2.713461
0.851655
3.049449
-0.750387
2.762937
2.093774
1.235799
-0.377114
-2.249876
2.171410
0.150572
1.376548
-1.966524
0.853305
-1.943462
1.087211
0.883785
-0.243505
1.148318
1.135048
-1.674096
2.841497
-1.899854
-2.223459
0.090953
-2.890767
-2.228394
-2.926658
3.381110
2.947558
2.237794
-0.361093
0.825568
-1.248002
1.468026
-1.116791
3.195419
1.506500
-1.594282
-1.405653
-1.922172
-0.584094
1.398351
-0.227247
0.698289
2.058349
0.816130
1.139894
0.462819
2.498290
-2.350042
2.871124
-2.816961
-2.323826
-2.682592
-0.556960
-1.019747
-2.425868
-2.292583
3.608476
1.784920
0.324080
-1.655011
-0.339622
2.850358
0.557518
1.958163
2.198013
0.848854
-2.307266
3.487587
0.463051
-0.590628
-2.124687
0.114653
-2.339062
1.814181
1.446590
1.109053
-1.226492
-2.099423
1.182984
0.657071
3.733709
1.880305
0.652205
-0.238247
3.785925
3.777274
3.789687
0.351780
-2.850488
1.207390
3.402497
2.945865
2.492105
-0.762973
3.604397
1.365080
-1.553659
3.312773
-1.007748
1.380382
3.605186
-1.553277
-2.911045
-2.867886
2.270109
-2.255025
0.853612
0.133148
-0.588692
3.839066
0.897628
-0.915820
2.218256
-1.154333
1.573596
-2.760653
3.661026
1.697129
1.285025
1.075807
-2.649874
0.815174
3.891245
-1.597674
2.640464
3.150709
1.061951
3.079898
2.132394
1.881685
-2.731873
2.855372
-2.961282
0.723047
2.232085
-1.829939
0.335281
-1.564757
-2.000558
-1.577295
3.610702
-1.376988
0.972280
-0.068389
2.117918
2.707948
2.322325
-2.737711
0.238551
-2.189099
2.289170
1.437075
-1.702813
2.486819
1.626953
2.969964
2.594405
-1.684481
2.335657
1.639671
0.925706
-0.644808
2.964684
1.334920
3.175289
-0.811987
0.648173
2.417949
0.669056
1.560182
2.956696
-1.157813
3.474463
1.652534
-0.186835
0.467921
2.958328
2.102369
-1.222674
2.509847
-2.004084
-0.937209
3.148978
-1.698328
-2.813749
3.321256
-1.443523
0.467437
3.972668
-1.351461
2.353334
3.971483
-0.272763
-0.541859
3.814744
1.107502
-0.785320
-0.803977
-2.813988
-0.255056
-2.212094
1.449672
3.642120
3.390044
-2.001236
0.105687
-1.776078
-2.292215
0.823777
-0.132228
0.132134
2.417413
0.950682
-0.855882
2.287473
-0.819227
-0.408805
2.337548
0.216911
0.852275
0.397078
-0.507126
1.714589
-2.773282
-0.076562
-0.306310
0.533339
0.718429
1.570801
3.219090
1.272705
-2.360189
-0.911317
2.623354
2.980610
-0.368360
-0.070532
2.863564
-0.482868
-0.338063
0.762246
1.180055
1.643603
-0.828855
-1.956551
-0.866400
-0.819076
0.644113
0.461907
-0.820750
0.605905
2.444833
2.095626
0.970289
-2.742870
3.438916
-2.450102
-0.969534
-1.980087
-0.210945
-2.848897
3.807374
0.166308
1.186838
3.679787
-2.756735
-1.304762
-2.333376
2.408365
-2.937662
3.145709
-2.521173
2.124616
1.718095
-1.810366
-1.539870
-1.640765
-2.606861
-1.540368
3.481941
-1.131723
1.638423
-1.748622
0.902147
2.580573
-0.754089
1.299864
0.296410
-2.690902
-2.016129
0.051278
-1.926672
0.177454
1.207610
2.006814
-0.776567
1.838282
3.466190
0.155797
0.092477
-0.431117
0.492304
-0.478836
0.428023
1.777889
-0.110955
-2.537800
0.782434
0.506382
2.684718
2.762053
-2.585382
-0.798228
-0.744830
3.585506
1.766018
-2.504286
0.547890
1.044884
-1.969912
2.203433
1.364506
-2.738891
2.336086
1.216409
-2.052808
-1.681114
-1.071449
-2.522527
0.049429
-1.537898
-1.142036
3.806570
2.934444
0.025213
-1.028438
-1.577911
2.033956
1.508595
-2.733832
-1.535811
1.140635
0.645643
1.746573
-2.899027
1.197313
2.922917
3.551872
-0.878648
0.857389
0.378000
1.069167
-2.840826
3.869250
0.045371
-2.689067
-0.435526
1.969422
1.648606
1.478959
-0.114800
-1.865635
1.171387
-2.516417
1.014695
2.605072
2.369184
0.616762
-1.760250
2.639631
-0.887266
2.306654
1.717838
-0.898094
-1.083680
0.697391
0.699586
-1.711426
1.943227
-1.271428
1.036897
1.511163
1.725693
1.116380
2.527556
1.820189
3.260192
2.238043
1.664062
3.446033
1.253127
2.285029
-2.411250
-0.518266
0.452831
0.527197
3.065042
-2.426236
1.643480
3.451399
2.659160
-1.337748
2.052390
1.077018
3.477816
2.822922
-0.129628
-0.274550
-2.169147
1.133529
3.339793
-2.916042
2.445603
-2.772318
1.268844
1.499805
1.634703
-2.181661
-1.223279
-0.637158
2.599864
2.847160
-1.584806
-0.880874
0.009720
3.168514
3.291281
0.490868
-0.270584
1.210851
3.510225
2.899293
-2.838880
-0.439467
3.958513
3.247464
1.010659
3.356892
-1.895641
-1.840111
3.621289
-1.074963
-0.999962
0.597781
-0.707087
-2.363090
-1.036186
0.919196
-1.062264
2.925152
-1.010712
3.921941
1.001734
1.478394
-2.646342
1.825460
-2.532273
3.102810
-1.090815
-0.109424
-1.101417
0.261024
3.210949
-1.863124
2.008601
3.126655
-0.902149
3.676470
1.563332
2.343768
2.870758
0.959867
0.662126
1.061549
-0.916587
0.466123
1.141507
1.984016
0.177154
0.103415
-2.275024
-1.354317
-2.779379
-0.298678
2.307872
1.345024
-1.600934
2.947736
0.622435
-1.081336
2.942292
-2.945338
1.478355
-1.839808
3.581614
-1.862905
1.842899
3.355312
1.365659
-2.160002
0.073174
1.668654
-2.062376
3.464500
3.030657
1.488006
0.463429
1.784630
0.313530
-0.971567
1.355970
1.246015
0.470615
-1.993253
2.492411
-1.454801
1.840001
1.834594
1.135839
3.268600
-0.566641
0.707860
-1.300259
0.133107
-0.765734
2.463920
-2.177376
1.771894
-1.117808
-2.456626
-2.314653
-2.085469
0.823346
-0.972340
-1.600793
2.842985
-0.188964
1.935076
-1.960385
-0.966430
-1.764670
0.948643
-2.186184
-2.944069
1.916907
1.097172
-0.892474
0.793597
1.216233
3.620885
2.601235
2.979362
2.243348
1.983301
-0.881533
-0.058707
2.024510
1.600588
2.528073
0.535864
-1.657208
-2.816334
-2.807454
3.172760
3.797532
-1.575376
3.170296
0.368801
2.213889
-0.045124
-2.074776
-0.829429
-2.912065
2.574128
3.947167
0.433527
1.046963
0.082224
2.731735
3.880985
2.923951
1.267148
-2.632516
2.900752
0.080405
2.577026
-0.461538
3.115448
3.020133
0.474164
-0.164513
-1.281722
-2.691454
0.512237
-1.961316
-0.077445
3.804422
-2.637709
-2.281838
-1.814233
-0.016534
1.808247
-1.752606
-1.725103
-2.337302
1.906781
0.235809
1.189347
-0.612869
3.268506
0.454635
3.122691
0.274833
2.063023
2.314024
1.778064
2.910493
1.042432
-2.970514
-1.759116
-2.044034
-1.709835
3.266709
-2.671703
-1.995127
-0.422925
-2.328406
-1.086498
3.312088
2.284782
0.496417
-1.310880
2.090005
0.546647
-0.847070
-2.613004
2.325612
2.200150
3.866227
1.200393
-0.779153
-1.226553
-1.546937
3.293000
2.637960
1.359473
-0.787679
2.475052
1.194307
0.722327
-2.690940
1.620209
3.283113
-1.691545
0.900773
-2.468393
-0.741354
-0.842639
2.973203
2.275403
-2.143105
-2.306869
-1.133710
1.204110
0.666421
2.682988
2.765316
3.172261
-1.310985
1.346098
2.562945
-2.886694
-1.126657
-2.829740
2.387072
3.805192
-1.260177
-2.407246
2.992705
-1.013340
3.303741
0.135396
3.153480
-0.746868
0.386464
0.918209
2.320223
2.356005
2.438551
3.727699
-0.699915
2.714973
-2.667452
-0.279853
1.064443
-1.298514
3.134243
-1.193329
-0.478511
2.706830
-0.715196
3.217129
1.950186
-0.773126
-2.085463
2.552609
-0.466985
1.845961
3.729228
1.753806
-2.486780
-0.788192
3.134605
2.623890
-2.297142
3.736370
-0.475605
0.933552
-2.709797
2.695705
-1.927059
-1.690504
-0.725631
-0.686893
-1.474199
-2.522621
-2.836597
-2.327878
3.249815
2.385215
-1.564898
2.869869
-2.759964
2.367361
2.005350
0.202566
2.381615
-1.749314
-1.410155
3.340569
2.017791
3.278338
-1.436289
0.167107
-0.976727
-0.040682
-2.812227
-2.856100
-0.865851
-2.741957
-2.462233
0.888388
3.074455
0.849822
-0.227408
-0.288465
1.704579
-2.493118
-0.985674
-1.606674
2.912257
3.950404
2.380623
3.145759
1.544040
-1.049026
-0.220037
1.868273
0.295980
1.556036
0.984742
-0.228694
-2.525284
2.604581
3.302329
3.085202
-2.839344
-2.357685
0.959100
1.110321
3.091714
-0.392166
1.305235
-1.575443
2.794262
-0.694679
0.141124
3.335709
-0.945284
1.195264
0.621741
1.412752
-0.714041
-2.007934
-0.709193
-2.828480
-0.127068
0.928907
3.434682
-1.048418
-0.450617
-1.811946
3.762787
2.638324
2.587378
-2.458786
3.373540
1.167368
3.645925
-1.649697
2.596564
0.184289
3.653546
1.650318
2.059892
-0.160246
3.161835
-1.856624
3.665637
-2.913251
-0.095637
-0.362978
0.233984
-0.678462
-2.412988
0.339777
3.132998
2.568355
3.748993
1.911103
2.560132
1.951005
-1.298684
-1.322822
2.141153
1.774037
-1.017625
-1.284486
3.357327
2.636076
3.023010
2.677289
-2.960867
0.916462
0.430485
-2.440352
3.912570
2.141973
3.587985
-0.451794
1.369410
-1.463697
2.892406
-0.552627
2.164218
-2.028416
2.746391
0.537631
3.065015
3.715347
2.410553
3.148634
2.010290
-1.269582
3.337570
0.054346
-0.021672
3.682149
-1.044418
2.958194
1.855593
0.389667
0.352591
2.921154
-2.578782
-0.376390
2.954476
-0.445308
-2.344882
0.991376
-1.554015
-0.110386
2.884353
2.948953
3.574958
-0.680637
-0.744279
-2.584240
2.711409
0.035367
2.426670
-0.538760
0.315907
1.838969
-0.587319
-2.260856
0.526746
0.051934
-1.074028
2.534802
0.835108
3.321732
-0.389023
-1.303958
1.127186
2.847103
1.180456
-0.982130
-1.908437
-2.044627
1.501956
-2.293617
-1.617791
3.260631
0.720065
-0.085993
-0.267181
3.760008
0.653086
1.791083
2.265788
-1.187794
0.489773
1.785141
2.756642
-1.600129
0.961204
-2.186089
1.504609
-2.903522
-2.336983
1.829478
-2.139424
3.408675
1.659311
2.083845
1.880523
-1.393902
-1.372296
2.843259
-0.817088
-2.045963
-1.635146
-1.797936
1.342233
-2.363958
0.453492
-0.185870
3.286283
2.957018
3.415461
-1.646616
3.693061
-0.445328
3.133791
3.634359
-0.146689
3.939982
-0.947881
-1.549544
3.658645
-0.120735
-2.186805
-1.306042
1.649554
0.325028
0.585695
2.371854
1.882449
-1.086283
2.321284
2.938599
-2.324279
1.586970
1.031952
-1.918496
0.815059
2.596831
3.609503
2.942135
2.721304
1.061311
0.365496
-0.582197
2.594719
2.709469
-0.929417
1.567741
1.935644
1.040479
0.280073
2.449114
-0.000076
-2.541585
0.791967
3.791260
0.373450
0.194882
-1.885293
-2.722441
0.551686
-1.980488
0.890450
-1.505818
-1.986735
0.051752
1.013937
1.400733
3.600181
0.045964
3.733451
0.385574
0.795532
-1.202318
-1.668293
-1.357464
-0.793076
-1.328818
-2.059299
2.105357
-0.254363
-1.227427
2.575740
1.504866
3.612863
0.871961
2.986587
-0.484675
3.388856
-0.149541
2.338839
-0.110965
-1.147271
0.783706
1.209886
-0.074743
-1.936185
-1.104788
-1.464112
-2.375148
0.229160
-2.499747
1.433549
-1.300298
-1.212564
-2.488024
-1.027268
1.993312
-2.752758
-0.222920
2.795310
-1.722318
-2.241817
2.961560
3.554074
-0.777066
1.362386
3.440974
-1.892475
3.726033
3.895711
0.714928
2.377108
-0.181528
0.515302
2.921177
1.487363
0.703430
2.802707
-1.329462
3.544224
3.430178
2.581523
1.751038
2.778569
3.467195
-1.335440
2.136109
-0.172500
3.075731
-0.910454
-2.552218
0.281576
1.045754
-2.892568
2.017041
-2.127796
-1.571162
-0.536387
-0.669589
-1.821128
3.011458
2.981604
2.725827
-2.715251
-1.871511
2.402673
2.220270
-1.454895
-0.677959
-1.458654
2.652983
1.256582
0.307754
-0.298184
2.578448
-0.195353
0.611557
0.007465
2.451812
-1.454541
1.437901
3.994765
1.406017
-1.715033
0.870979
1.670104
-2.618892
2.523762
-0.563737
1.019250
-2.572878
1.060282
-2.972613
0.638082
-1.189111
1.764877
1.471295
2.175436
1.525534
3.387351
1.768984
-0.882585
2.822711
-2.083803
2.607277
2.158852
-2.790054
1.708816
2.870003
1.683010
-1.822290
-1.446679
2.312030
-0.312054
0.271245
3.654844
0.573357
3.069497
1.964653
-2.751768
2.300136
-0.604182
2.683729
1.977740
-2.914171
2.573164
-0.793465
1.841448
3.241454
3.439572
1.524714
-2.432051
-0.707044
3.160208
-2.269939
-2.958011
2.112576
0.878716
0.663323
-2.271231
2.016185
1.615620
0.825312
-1.747016
1.024163
1.392617
3.746975
-2.186546
-2.533157
0.411249
-0.193038
-0.486022
-0.168678
-1.694766
0.829952
-2.793191
3.028544
2.426078
0.696665
-0.105762
3.615320
0.770103
-2.917284
1.208420
3.695711
0.577972
-1.768512
-2.365260
-0.345464
1.163720
-2.570541
-2.470001
1.768676
2.371108
3.114609
-0.089182
2.625785
-0.926747
3.142720
0.352235
0.784334
1.982742
3.231473
-2.308776
-2.879059
0.941717
2.007774
-0.681606
-0.130163
-0.013284
3.935017
-1.560292
2.702863
1.767408
0.093765
-2.578460
2.491883
-2.261834
-1.883419
0.591288
-1.000203
-0.645523
-1.360687
-2.887821
3.380639
3.137428
0.254960
-0.191882
1.146760
3.398187
-0.404970
3.063138
-1.115191
3.030530
3.245169
1.664675
0.827322
1.212549
-0.395758
3.296915
1.355655
2.751606
1.427550
1.650787
3.503560
3.892919
0.780174
-2.668546
-0.953885
-2.576176
0.089377
3.189688
0.524961
0.210771
-2.078753
3.350567
0.684994
-0.110965
3.828213
1.691651
0.985642
3.043725
-0.112194
-1.039434
1.551609
-0.754032
1.208683
0.012383
3.708950
-2.079015
-0.136956
1.113580
3.760655
1.949652
-2.676287
0.754740
1.582858
-2.444781
-2.921932
-1.535872
-1.613647
0.745178
1.480921
1.836257
0.607373
3.030521
-0.663491
-2.428703
2.977040
3.198343
3.406669
-1.819716
-2.301766
1.741399
2.123684
0.731853
0.499347
1.393837
3.517033
-1.506258
-1.791962
0.320379
2.263885
-2.096514
-2.198792
-1.395151
-2.667135
-0.883532
1.165571
1.797412
-1.298290
2.449508
2.533693
2.044847
2.647288
0.334430
2.383086
3.754884
-2.697411
-1.113207
-1.678434
-1.584108
2.492314
1.234081
2.547801
-1.208771
2.107366
3.768265
1.055796
0.400684
-2.804825
3.116841
1.949295
-0.226928
0.083242
1.013498
1.998499
-2.466895
-2.666511
3.767484
2.328910
1.313028
2.180673
3.915769
-0.761461
-1.448127
-0.753451
1.273099
2.853069
2.120917
-1.467089
1.981228
-1.784512
0.889950
-2.028008
-0.220278
3.898814
0.642903
-1.983388
-0.287176
0.439869
-0.227683
-0.281738
-0.491290
1.247607
-1.060372
1.286126
-0.097426
1.907741
1.320906
-1.445036
0.416750
0.832719
-0.124370
0.279685
-2.639353
-1.709327
0.463728
-2.711728
-1.614657
-2.668781
3.310385
-1.204826
-2.445139
-0.299798
-0.110240
0.344249
-0.033777
1.650733
-1.116484
-1.482078
-1.363396
1.773861
2.674732
2.563770
-1.903363
-1.537100
3.306101
0.897217
-2.018960
-2.487135
0.721139
0.682230
3.937140
-2.115372
-2.764198
0.396317
-0.124858
-1.488209
0.681252
1.667349
-2.482234
-1.866918
0.206383
0.798500
0.706233
2.330197
-2.641468
-0.543748
-0.804492
3.504905
0.441567
0.235136
1.962309
0.656671
2.439860
-2.269442
-2.208755
-0.066933
0.935473
0.526354
-0.726472
-1.268235
3.642263
3.349875
3.776883
3.797756
-0.873531
-1.671057
-2.510303
-2.281506
-0.951016
0.158607
1.769445
2.615620
-2.819884
-0.668594
2.610266
0.830191
-1.918229
1.574490
1.122237
3.396157
-0.122001
1.272867
1.668339
-2.327552
-2.245090
0.473751
-0.921832
0.777301
2.025099
0.064692
-0.902917
-0.327165
0.193530
0.306288
-1.610420
2.716193
-2.672104
-2.515757
1.063768
-0.976712
-0.218064
0.006085
-1.600189
0.307947
0.018939
-1.144334
-2.775552
3.514139
3.394919
0.740266
0.338419
-0.270218
-1.299348
-1.265735
-1.633783
0.170508
1.261321
3.618144
-2.470945
0.125237
2.640547
0.881182
-1.551324
1.826658
0.811942
0.708234
-0.671886
0.299273
-1.103077
-2.057104
-1.161968
3.585576
0.720922
2.215824
-1.057273
3.211847
1.813630
3.422635
-0.346853
0.586504
-1.655374
0.282348
1.441875
-2.201879
0.328696
1.838323
-0.468071
1.666492
-1.850689
-2.275423
3.107688
1.936725
1.326835
3.671608
1.502385
2.690909
-0.337805
3.030295
-0.914272
0.143375
3.602894
-1.212981
-0.370385
-2.543920
3.529756
-1.863864
3.215336
1.938926
2.826512
1.124559
1.857746
0.653605
2.172870
2.624896
0.844452
-1.419907
-0.986802
-0.534065
2.113656
1.282901
0.181697
1.959926
3.012820
-2.657912
3.249286
0.472104
0.907380
2.399366
2.190512
3.768769
2.474330
-1.284976
3.144564
0.037666
-1.553463
-2.578638
-2.455463
-1.505985
0.510674
2.469642
-0.383582
2.572664
1.717310
3.206950
2.682675
-0.649111
0.132709
3.509749
-2.095740
3.781294
-1.165993
3.075241
-2.720084
-2.103522
-2.129165
-2.852854
-0.987309
-2.309956
-1.455013
-2.858054
0.594479
-0.762318
-2.711910
2.759279
-0.855358
-0.584615
-1.159793
3.259689
1.094834
-0.997560
2.923128
0.601759
1.711306
0.395912
0.051742
-2.280091
-0.615255
2.921961
0.976587
2.764952
3.761702
-1.082726
-2.470140
0.111703
1.927567
3.352370
-2.386870
-0.712842
-2.825309
2.272667
-1.902267
-2.107249
-2.790412
-0.874329
1.547092
1.418821
-1.562070
-1.612945
-0.701133
-0.996958
-1.523863
1.061112
1.014106
2.931727
0.036890
-2.847992
3.117955
-0.313740
1.579431
0.295430
-1.555176
-0.017140
1.968841
-0.602421
2.102680
1.604446
2.396171
2.154130
0.637260
2.497197
1.870904
3.904412
3.119073
0.520984
-2.188355
3.793430
-1.586314
2.440719
3.222636
-1.650636
1.819590
0.294128
0.188995
0.266282
3.922873
-1.821038
-2.544420
-1.990718
2.941638
-1.185847
-2.304320
-0.514299
0.009611
-1.832992
-2.414360
-2.141922
-2.127512
-1.182310
2.499844
2.310067
2.847790
3.081300
-1.294966
2.401813
-1.739836
0.455135
-1.294882
-1.256306
-1.462544
0.022585
1.525403
-0.464200
2.910307
0.178779
2.730818
1.573283
1.812482
-2.571891
1.400236
0.072680
-2.757411
-2.270577
-1.077301
-0.196503
3.181325
0.802757
-1.378943
-1.411057
1.600477
0.541068
2.471618
-1.625498
-0.063359
-2.643612
3.584023
-1.584298
-2.186114
-1.317972
2.211399
0.845113
0.900315
0.062632
-0.062915
-2.024381
-1.293110
-0.243094
2.452403
1.260907
2.700929
0.197601
0.764328
-0.342550
-2.713113
0.235622
2.510852
-2.753388
-1.877640
0.065844
2.506312
1.583622
-0.592079
2.387756
2.708329
-0.344528
1.798901
0.978223
-2.457150
2.452836
0.185284
-0.346500
2.682382
-2.626700
-1.069554
0.837476
0.888249
1.499780
-0.945150
0.736954
3.797568
1.848015
3.118802
-2.977911
-1.683256
2.995604
3.532841
1.105433
-2.306805
0.118448
-0.256429
-0.806561
0.443365
-2.362257
-0.465489
1.860248
-1.350715
-0.414810
1.982974
-2.157566
3.977267
1.003847
2.417741
-0.470474
3.902804
2.559857
0.122963
-0.080185
-1.940634
0.763586
0.694116
1.992101
1.436099
3.721256
2.100732
-0.689947
-1.565011
1.730346
-0.208622
0.324117
-0.145849
2.830069
3.074058
0.929678
1.391303
2.223732
0.957469
-1.487206
-2.556169
2.707502
3.880325
-2.439744
2.691998
0.408697
3.825110
-1.022658
2.156821
-0.298288
3.460215
-1.903051
-2.997760
-0.549906
-0.424373
3.208670
-1.458743
1.783834
1.462276
1.686958
2.914366
1.616456
-0.202178
0.597399
0.638736
-2.083078
3.968608
-2.440457
1.188938
1.894369
1.242293
-2.271957
-2.488216
0.679760
0.701773
-0.549017
-2.881249
2.236104
2.404629
-1.468818
-0.782668
3.187032
-2.146680
0.917982
-2.228376
-0.989157
0.242721
-2.340761
2.331755
3.149067
-0.160230
-0.894156
0.799528
-2.765614
-1.353406
2.744625
1.491842
-0.256393
2.512599
-1.786300
1.607975
-2.488005
-2.472990
0.983585
2.665688
3.552244
-0.513678
3.257777
3.128608
0.579584
2.664679
3.538455
2.821746
-2.289165
-0.353882
2.262364
-0.697678
3.190090
1.064953
0.057449
-2.369437
1.108470
-0.003027
2.119341
-1.189971
0.308056
3.394036
-1.335509
-1.780882
3.573195
-1.743205
-0.565311
-2.916488
3.461999
-0.756604
2.301070
1.035717
1.524636
2.011975
-2.786283
-2.617235
1.401155
-2.310622
2.580474
3.974276
3.805717
-1.411054
-0.245586
2.017733
-1.618238
3.371880
-2.872904
1.280116
-2.057243
3.694699
1.813358
2.627637
-2.803737
-0.940709
2.245610
-2.306821
-2.922104
0.596802
3.673051
2.229065
0.996596
-2.317327
2.782619
0.092794
1.674043
-1.312966
3.158925
3.095139
0.997115
-2.891530
-2.512295
0.767866
1.959862
3.897305
-2.584390
0.917538
-0.789984
-1.892007
3.111990
-0.676764
3.462930
-1.938236
-0.034674
1.559391
-2.937938
-0.780719
-0.826807
3.444636
2.854099
2.600142
0.007711
3.170153
-1.106068
-0.739850
-1.402302
-0.629209
-2.705882
-1.304794
-1.759520
0.466477
1.340825
-0.489619
3.218265
-2.143486
0.055727
3.120834
-2.925735
-2.452633
0.460356
3.033837
3.719143
-1.482372
3.692275
0.499871
-2.573805
-2.829767
1.636742
-1.819517
-1.492769
-1.663525
1.298237
-1.296612
2.099632
2.773434
-1.750182
-2.037229
1.846265
-1.253869
3.493948
-0.418918
2.847708
3.524238
0.409555
0.586930
3.852652
0.223341
3.588575
3.128077
-0.572117
-0.614202
-0.248636
1.053229
-2.375961
2.732637
-0.901561
-2.489642
1.592810
0.765964
-1.666421
-2.538078
-2.844216
-1.441494
2.628691
2.698406
-0.636795
0.929792
1.577974
-2.733588
-1.471794
2.007058
2.913704
-0.936901
-2.613902
2.582711
1.307604
-2.471500
3.629624
-0.954740
0.300357
2.708009
0.897479
-2.620564
-1.907984
-1.461123
0.946945
0.954459
3.374229
-0.531522
2.315103
-0.966223
1.891382
-1.079567
0.424424
-1.552683
-2.380977
-2.390512
0.349430
-1.947470
1.438716
-2.821825
2.095196
3.778397
-0.333737
0.021476
-1.579359
-2.131413
-0.569678
-2.620649
3.246828
1.679616
3.813052
-1.829821
1.868480
-2.731226
3.227152
-0.255556
-2.067113
2.531074
3.516667
1.338215
0.615613
3.502361
3.878075
3.652972
2.271609
2.753173
-2.942222
-1.883396
2.491208
-0.814251
-0.423141
3.202786
-2.638885
-0.330674
-2.734311
-0.894564
2.418689
1.000361
0.661233
0.104773
1.201705
-1.201398
-0.719638
2.936299
3.712816
-2.631582
3.585283
3.563147
-1.883162
-0.940376
-1.150524
1.585840
-2.241500
-2.171226
2.070822
3.769993
0.701609
1.364861
-1.377486
-0.508575
-1.093348
3.211749
3.093836
0.788812
2.067011
1.311995
3.839109
2.188693
2.408083
1.148497
0.786182
3.683371
-2.309602
-2.699035
-2.195269
3.378740
0.920342
2.793727
3.072676
3.806312
-1.669169
-0.427689
1.336297
2.647310
-1.896387
0.937172
2.019761
-0.260149
-1.936301
3.434532
-0.539476
3.000414
-2.909938
0.458265
-0.636072
1.215136
3.954144
-1.320932
1.902799
0.927104
-0.049329
3.024726
-1.823233
-0.624148
0.751184
1.246452
1.152525
1.550116
-0.142139
2.126725
-0.728528
0.953886
-2.870938
-0.078540
2.679577
3.296268
2.080788
1.655707
-0.135797
-2.645243
-0.519038
-2.140705
2.519930
2.394879
2.626260
-0.857083
-1.955482
-0.365129
3.841889
-1.503796
0.099482
-2.780828
1.806524
-2.493670
3.865613
1.923673
2.798670
0.127452
3.259098
-2.263952
-2.228111
-2.813614
-2.695106
-2.336274
0.586340
1.513943
3.146111
-0.519772
0.242028
-0.527549
-0.534628
-1.014056
-2.412758
1.992990
0.297672
-0.024350
1.897412
1.658051
1.234366
-2.861300
2.614935
2.067090
-1.233206
0.141910
-0.499674
-1.232406
-2.454407
2.791198
1.975158
-2.364090
2.593663
2.782207
-0.307402
2.259352
-1.995534
3.784153
-1.813631
0.415062
3.864891
1.887948
3.500863
-0.719232
-0.523472
-1.706430
3.747097
2.168643
-2.439368
1.007455
-1.993734
3.651686
-2.585672
0.219155
3.780585
-0.987386
3.962027
-2.395085
2.346796
-1.818013
1.381532
-0.323032
-0.991183
-2.320156
-1.668306
2.173217
2.616311
3.296752
-0.191440
-0.003232
1.229526
-0.439086
1.059403
1.597133
2.731098
0.506159
-0.226829
-0.991175
-1.314063
-0.304111
0.668187
-0.298407
1.511477
3.911465
-0.857889
-0.777723
-1.868147
-0.176182
-2.107310
2.015946
-0.196783
-2.484995
-1.538721
-2.263395
3.534821
0.670205
-2.606361
-0.990301
-1.224229
3.023240
-1.129326
3.255489
3.521986
-2.281670
0.068348
-0.994784
3.858765
2.788944
0.213822
-1.462134
1.812430
0.707813
1.970611
-2.128078
-0.080292
-1.671300
-1.325099
3.692542
0.669345
1.214150
-1.540937
1.517115
-0.564420
-1.534682
-1.120436
-1.531120
-1.346776
1.155412
-1.397530
-1.860351
3.319897
2.465805
0.712371
3.743981
-1.990019
0.693929
-1.152996
-0.272644
0.383377
2.453181
1.267915
-0.909926
-0.092088
1.963201
-1.779087
-0.402521
2.097558
1.122467
-0.916579
0.870071
-1.037060
-0.342553
0.708338
0.610737
1.527057
2.834539
0.694642
0.250806
2.852543
0.099284
2.490623
-2.695572
0.050804
-2.725689
-0.784739
1.378968
-1.699524
1.057287
2.225038
-0.904729
-0.782366
-2.392685
0.417426
2.038030
0.543280
-0.329119
1.465909
-1.865960
2.805451
3.902073
3.273439
0.836989
0.780226
3.453858
-0.221401
-0.232171
-0.870681
-0.088937
2.886036
0.565599
0.643230
-2.195865
-0.121321
0.203861
3.143479
-1.410695
-0.942786
-0.233046
0.467886
-1.030833
-0.746017
0.236437
2.966426
-0.003245
0.243587
0.392399
0.203466
2.535606
0.448695
3.936849
-2.982829
2.273980
-0.836889
0.660993
2.100299
3.797801
1.943833
1.337185
1.402146
0.899990
1.982460
0.573128
-0.945479
-1.185217
-0.745257
-2.702422
-0.387303
0.824364
-1.815823
3.133906
-0.273217
2.687404
0.198239
-0.377153
0.646226
3.777351
1.589787
0.823061
1.117875
3.211373
2.079636
3.329744
-0.802940
3.379905
3.205041
-0.914894
-0.061614
1.393499
0.385671
3.804543
2.007293
-1.543537
-0.327712
-1.555437
0.041887
-2.424999
1.791454
2.555853
-0.229170
0.991369
1.263771
-2.433342
3.415874
-2.898576
-2.006149
-2.444183
0.098896
2.334240
-1.350579
-2.961965
3.122490
-1.940597
-2.311055
2.721143
0.289927
-1.479908
-1.058874
-2.541478
-1.894945
-2.866837
2.149101
-2.012787
1.010217
-1.649117
0.668053
2.068990
0.675969
-1.176692
3.970850
2.186910
2.345136
-2.731668
-1.932728
-2.991470
-0.407111
0.582143
1.705370
0.588047
0.410652
3.508756
0.140723
-1.346090
-1.153796
1.147344
0.370108
2.907951
3.951509
2.408875
0.001949
1.502672
1.043822
2.362143
0.818071
3.980678
3.880694
-1.154114
-2.804346
2.165706
1.955197
2.392101
-2.575387
1.760884
3.833520
3.810344
1.030598
1.066247
-2.349271
-2.926161
2.839682
-2.901737
0.004912
-1.685051
1.404940
-1.655735
0.387646
0.540928
-1.024222
3.462758
3.941569
0.258264
1.944078
2.927262
2.372754
-0.500197
3.023527
1.013388
-0.202237
-0.941611
3.343959
2.927853
-1.412950
2.123294
-2.461955
-0.002320
-1.207212
1.449327
2.161182
2.467702
-1.985497
3.182731
0.639285
-0.003787
3.540713
1.104573
0.551307
2.826374
2.550594
3.312909
2.135290
2.632224
0.574304
0.087074
1.557896
-2.611493
-2.816897
3.836425
2.421346
3.793744
0.500139
-1.035059
-1.231547
1.702060
1.404238
-2.301625
0.725537
0.476578
1.897721
0.560422
2.059838
-2.347369
3.665529
1.512905
-1.455257
-2.026330
2.450118
2.824647
-2.540395
3.867559
3.840368
3.881821
-1.240214
1.520610
-2.975824
0.729488
2.213185
3.559342
0.434217
2.994149
-2.436427
0.315278
1.820478
3.663322
-2.924197
2.601589
3.763965
-0.908398
1.277629
0.295061
0.765845
-0.085426
-2.128076
3.489690
2.389291
-1.007795
2.132019
3.248967
3.329485
0.688792
1.446454
-0.162516
1.813666
2.561974
3.215616
2.527636
-0.782529
-0.621402
3.809411
-1.274062
-2.676321
2.594558
2.602654
-0.443069
2.743951
-1.017295
2.846633
1.737619
3.899717
1.846384
0.578641
2.971830
3.778233
1.857032
1.281872
3.842593
-1.223402
3.836071
-1.679528
3.976551
-1.568989
3.003151
-2.589752
-2.588769
-0.225073
3.891508
0.964101
0.886898
2.512191
-1.660073
2.643640
-2.708246
1.207558
1.423235
-0.454400
-1.840201
-0.982769
-2.835066
3.552223
2.206098
2.359653
2.881231
-2.954245
-1.375822
-1.825881
3.301460
-1.958017
-1.926995
-2.699809
0.404593
-2.544862
0.756575
-0.616809
-0.229199
-0.573076
1.321075
-0.010365
2.400276
1.472674
-2.212154
-2.566537
2.918129
-0.343025
2.921006
0.492265
-0.004632
3.514933
1.556603
3.632220
-2.956019
-1.439507
2.199326
-0.173828
3.497468
3.059557
-0.060880
-2.893434
3.861346
-2.687632
-1.036027
0.177511
2.761807
3.232080
-2.625971
2.485167
3.681585
-1.381099
-2.353093
3.153985
-2.345276
3.255300
3.827851
-0.275809
1.076908
3.975152
1.881534
1.182271
-2.449425
1.686923
3.003438
2.329527
-0.516473
-0.652196
-0.077115
-1.640859
0.507686
2.414435
-2.485456
-0.235716
0.932513
2.027246
-0.729285
-2.790812
-0.925286
2.636081
2.372163
-1.370426
2.976216
-1.652614
-0.539647
-0.061212
-1.174781
3.195198
-0.884757
-1.261617
1.527833
3.974690
-1.504238
1.782893
-2.682136
3.949091
3.679898
0.942879
3.744362
1.743370
2.871292
3.588127
-1.529405
0.044914
0.788327
-1.078443
2.417939
0.697895
-0.847883
-2.810578
-0.166910
1.601531
3.295371
0.298637
2.790094
-1.705796
1.067078
2.814748
-0.375910
2.088522
-1.437492
2.621961
2.996055
-0.715667
0.430406
-2.798261
2.724385
-2.765101
3.808708
1.951136
1.602870
0.221059
1.697185
0.844901
3.185361
2.345285
-1.527488
3.803075
1.064261
-2.870873
0.093436
1.247633
3.900623
3.073146
1.468978
-0.704726
-2.892325
-2.574182
2.548347
-0.481200
3.953588
2.512047
-1.052887
-2.640062
-2.514253
1.255167
2.709199
-0.626909
-2.703801
-1.256019
0.965581
1.369871
-1.184031
2.508225
1.854555
-0.956456
3.368521
1.587572
-1.915434
2.303559
-2.394256
-0.912845
0.094682
-0.276628
-1.257201
0.055580
-1.721831
0.082890
-1.305700
-1.559158
-0.257448
-2.894125
-1.791725
0.181783
0.221498
0.673542
0.501420
0.954874
0.124646
-1.769444
1.057278
2.822793
-2.006246
2.648598
2.416764
-1.022355
-2.213977
3.731062
-0.313215
-0.478540
-2.878042
-2.816502
1.534290
-2.048394
3.833678
2.754558
-0.470231
1.495480
-2.509445
-0.727983
-2.978941
2.809692
0.042488
0.235924
0.692263
1.570942
3.428916
-0.682159
0.536044
-1.418433
2.716934
2.074195
0.956921
2.125098
0.923585
0.964480
0.687796
1.187534
-1.076890
-0.294138
-1.403731
-1.123984
1.370648
0.389681
0.696561
0.369631
2.917171
-0.035337
-2.000715
2.761826
-0.804015
0.983173
3.815277
-1.991489
1.537319
-0.597734
3.325105
2.023360
1.551204
-0.037857
0.265576
-1.024896
-2.042562
0.367107
-1.463707
3.052512
1.473747
-1.430846
3.769794
1.884310
0.363692
-1.119131
-2.427343
2.791964
-2.284088
2.662931
1.630749
0.974413
1.044172
0.089160
0.301166
0.769936
0.040389
0.778622
-2.970644
-2.703155
0.931044
1.614402
1.911054
0.152661
0.988215
-2.486643
0.768085
0.966255
1.627066
3.847211
-2.599550
1.565834
2.647136
3.331404
1.720733
3.339393
-0.118878
0.393861
1.919619
-1.923432
3.111316
-1.076715
1.317175
3.642584
1.120970
2.077845
-0.218478
3.488490
2.876955
-1.799921
-2.130890
-0.269927
-2.774818
-1.033090
3.880190
3.174211
3.558237
1.630277
1.012468
2.206280
-1.053298
0.791361
3.569648
1.218969
-0.650311
-2.264192
2.000727
0.240372
2.876577
-0.934286
-2.310340
-2.268475
3.380120
2.204348
-2.033094
-2.072431
2.020256
-0.265225
2.216102
-1.247931
0.794345
-1.442267
2.422153
-0.002025
-0.707702
-0.738399
-2.115199
1.437726
0.849232
3.386963
-2.341004
1.682671
1.471003
0.214230
-1.637888
-0.487147
-2.898410
-1.742336
2.463021
-0.701835
-0.147170
3.253281
-2.946796
-0.332164
-2.921665
-1.265322
-2.318897
1.477749
-1.083751
-0.763885
-0.739977
-0.166225
3.735785
-2.179003
1.424057
-1.882030
0.315137
2.658669
-2.967759
1.337961
-1.500907
0.589268
-2.114861
1.521224
0.327530
2.267823
1.509922
0.211252
3.392967
2.344706
-0.590656
2.828147
0.021875
-0.801033
3.253226
2.033839
-2.430937
1.088271
3.147913
1.995077
3.859646
-2.595582
3.018135
-2.343614
0.963130
-0.517860
-2.425017
0.025554
1.561120
2.843708
0.745794
-0.436583
1.279833
3.740120
1.741177
-2.473855
3.157360
1.334254
-1.458683
0.113549
2.200130
-1.734514
-0.193772
3.965297
2.482570
-2.700121
1.553798
-1.457986
1.274672
2.075223
0.633013
2.697188
-0.362926
3.515879
0.589337
-1.391212
-2.471725
-0.024973
2.753944
1.906580
0.808740
1.301505
-0.287997
1.893975
3.615118
1.918542
0.491134
-1.492985
-2.805992
-2.931710
-1.210464
-1.278882
-0.066442
1.515641
3.210777
-2.722314
2.010365
-0.687118
-1.263759
-1.371686
-0.298293
3.882340
1.382890
0.946290
-0.210907
1.474898
-2.205734
2.190504
0.641495
-1.788247
3.056614
1.682941
-0.070210
1.083117
-2.775152
2.092988
0.741623
3.287193
-2.708152
-2.585081
0.208820
0.412544
-1.398538
2.586689
-0.772713
0.063051
-2.485936
0.304309
-1.133118
0.591101
1.452629
2.623486
-2.102749
3.637425
-1.508401
-2.219802
3.933584
-1.388124
-0.313982
3.014912
0.608539
-0.050420
2.637091
1.742239
-2.277882
0.810975
-2.852172
1.728244
2.582349
-2.534029
-2.963306
2.565773
-2.490611
-2.695966
-0.359819
0.081486
3.408165
0.047136
2.656004
3.417465
1.768279
-0.060361
1.465397
3.586704
1.516466
0.665077
-2.490709
-0.664036
-0.902159
0.655107
-1.924200
-2.188819
-1.456916
2.930629
1.538556
-2.143210
0.110584
1.312653
0.854637
3.610910
2.942991
0.822602
-1.349556
0.591231
0.927539
1.599290
-0.080905
2.235953
-1.463132
3.256826
3.547047
-0.016069
1.032112
1.594360
1.809903
1.682263
-2.210771
2.766079
-2.623930
1.539161
-2.535684
3.963905
-1.949668
-2.857791
3.904172
-0.204140
0.677474
1.472844
-0.164567
-1.894462
2.334659
3.996702
1.912602
-1.155586
-0.138100
1.964076
2.955155
3.681240
2.009144
-0.464308
3.402424
3.800795
0.092399
-0.512014
1.988178
0.064020
1.611505
3.564695
2.725297
2.194127
-2.284435
2.825382
3.356061
1.303832
1.576108
-1.577772
-2.745296
-2.303871
3.300106
-2.434414
3.122199
-1.616486
1.833299
1.598657
-2.551193
0.667032
-0.228987
2.394908
3.426256
2.385251
-2.117683
3.022218
0.798512
-0.918081
-1.843581
-1.783874
2.406953
-0.158193
-1.233184
-0.718366
-0.648827
1.579410
3.924486
0.504648
2.644420
-0.073958
-1.582523
-1.405544
-2.493511
0.983260
2.233515
3.304832
3.505424
0.104292
-0.361906
2.082656
-2.314017
1.148242
-1.786715
-2.334125
1.705908
0.984827
3.188389
-2.681478
2.262221
2.365567
-1.418953
0.916150
-2.838813
-0.571553
-1.436628
-0.129010
2.968950
0.442742
-2.291791
0.490213
3.144078
0.491655
0.282753
2.868222
0.888700
-1.273799
-2.250124
3.508733
2.404559
-2.343436
-2.818768
1.259213
3.909616
3.561354
-2.036416
-1.746984
-0.743649
-1.862140
0.405557
1.212586
-0.107610
0.164482
-0.582990
-0.397706
-2.411120
1.728102
-2.989702
1.317956
-0.841356
-2.925126
-2.888779
0.367948
2.313331
0.957349
2.071845
-0.297929
-1.305962
-2.044971
-2.668269
0.247491
-2.933326
0.109002
-1.522050
0.143090
1.243855
-2.702194
0.822245
1.096267
-0.702995
2.193326
-2.232939
1.154360
0.473891
1.994740
-0.978938
-2.773227
-0.604569
2.680817
-2.985068
0.906541
0.013951
3.326118
3.234002
2.358191
-0.410525
3.299382
-2.889381
2.255311
1.180079
2.784399
-0.070977
1.177329
0.846328
-2.980176
-2.856645
-0.430366
-0.405756
3.083595
3.448096
1.985442
-1.137771
0.205604
-1.411151
1.631944
3.599757
1.092423
-1.868233
-1.770196
1.676122
-0.539253
1.980926
-2.885002
1.841262
-1.955763
-0.915641
-1.523196
0.466150
-0.388061
-2.957456
-1.502191
1.613392
-2.211576
0.785157
1.958087
-1.325004
3.107185
-1.567928
1.488117
-2.985865
-2.562832
2.650362
0.752499
0.808646
-1.270979
-1.617382
2.275361
-1.637839
3.623640
-1.225632
-2.230582
-2.911893
3.538444
-0.171588
1.995278
0.913868
-0.337603
0.688141
2.680551
-1.532175
2.353852
-0.490727
1.835928
-1.420735
-0.087903
-2.888424
-0.933825
0.446755
2.288085
0.952003
-1.197140
3.927675
1.389301
-2.010440
1.651184
3.784678
1.110658
2.321741
-1.569029
1.460044
1.824589
1.632915
-1.692959
-0.423943
2.319309
3.354282
3.208466
2.453153
1.910812
-2.998164
3.455902
3.028800
1.663371
-0.147239
-2.277833
-0.562559
0.298918
-0.645063
0.644538
0.552759
-0.556737
2.051899
1.493353
-2.700125
2.628576
-1.771913
0.349218
1.265657
3.263519
-1.948821
2.862635
-2.759677
-2.782479
3.722751
1.186584
-0.146076
1.194004
-0.529965
-1.539155
1.411513
-0.518104
3.293591
-1.093179
0.495038
2.915205
3.632287
-0.618762
2.900187
-2.992157
-1.186864
3.523551
-0.726802
-1.983105
-1.055393
1.959029
2.937926
1.471661
0.984570
-0.723071
-2.778922
2.813519
0.962137
0.934029
2.707694
1.966663
3.375036
1.404845
-2.807346
-2.369551
2.713429
0.945934
3.711219
0.207058
-0.389058
3.667495
1.977265
-1.695833
1.038253
3.285594
1.578064
-0.341411
-1.784462
1.431060
-1.743755
2.109284
0.421639
-2.687781
-1.736064
-2.062087
2.666072
-1.120126
-1.327401
1.401126
-0.257753
-1.294990
-1.644009
3.379246
-0.864898
1.340832
-2.804290
-1.100129
2.394916
3.169033
0.826814
1.452130
2.138068
3.507870
-1.562904
0.364933
-0.228314
0.515112
-1.075298
1.960764
-1.663210
2.748737
1.576800
3.449692
3.870813
-1.559631
-1.509715
-1.552004
1.472748
-1.241883
2.196681
1.976252
-1.384751
2.491662
1.874956
0.259386
-0.110466
0.881728
3.686348
3.997997
0.337862
2.023092
3.528267
-1.331330
2.504186
0.857115
-1.928323
1.536733
1.010593
3.829882
1.409181
1.313834
-0.625130
1.218318
2.421497
2.553804
1.609922
-2.151771
2.618376
-1.841413
3.150208
1.793817
2.374134
3.521102
-0.636677
-2.895004
-2.568635
2.732561
-1.784152
-1.985365
3.682472
-2.326268
-0.926800
0.270029
-0.421389
2.404415
-1.301806
-0.623632
2.970559
0.234497
3.692384
-2.199302
0.323161
0.106764
-1.845497
2.626704
2.268698
-1.078137
0.039679
-1.288566
-0.252420
0.113518
-1.920845
2.014625
-0.616686
3.584668
3.736171
3.954594
2.682232
3.071826
2.525267
0.144790
-0.104435
2.354696
0.179978
-2.912277
-0.806528
1.449810
-2.718961
0.683300
0.893687
-0.033338
1.359514
-2.334889
0.832783
2.567709
2.177848
-1.108094
-2.113384
-1.245583
-0.544929
-0.090681
-2.519249
1.135216
0.607585
-1.548607
-2.517462
3.390552
-0.448624
-0.398854
1.998972
-0.506191
0.725176
-0.426656
3.352137
-1.784792
-2.648952
3.551523
0.365345
0.588569
1.640587
-1.157750
-2.068150
1.385311
1.927087
-1.966719
3.397889
-2.105450
2.481651
1.191324
-1.020508
3.363164
0.109202
2.951391
1.483024
-0.675107
0.219785
-1.326916
1.373710
-2.674496
-1.256090
3.675596
3.861362
-2.093524
-1.645870
-2.647466
-2.845986
-0.970237
0.749688
0.368461
2.693199
1.226074
-2.250303
2.316688
-1.643544
3.050267
-2.484577
0.034641
-0.533147
1.720317
1.538006
0.713314
-0.412058
3.997174
1.524938
3.262108
-2.027796
-0.364488
-1.051473
2.261106
2.762208
1.037802
2.008190
-2.519041
1.228088
2.326445
3.320063
0.127690
3.485195
-2.995735
-0.852811
-0.188557
-0.765226
1.667191
-1.496920
-2.569311
1.827283
2.669323
-1.130343
1.842942
3.676194
1.267658
1.516281
1.483318
-0.159653
-0.297422
2.624967
0.791163
-1.069007
1.082336
3.916622
1.141042
-1.494176
-0.227136
0.814770
-0.398525
-0.597421
3.226828
3.001180
-2.416242
-2.681530
1.528094
1.704208
1.297541
0.873555
-2.412387
-0.035808
1.471470
-1.091892
-2.015737
1.082598
2.434640
1.141132
2.311645
-1.190297
-1.729079
-1.652541
1.001263
-2.322379
2.553029
-1.162277
-2.513078
-2.262581
-0.747620
-1.932526
0.364331
-0.803591
2.065230
-0.423427
3.010476
2.496220
3.760507
1.146420
-2.008612
1.315270
3.197107
-2.973017
1.758659
-0.429452
-1.999888
1.022893
2.437557
3.778038
-2.413254
2.103794
-0.122806
0.803164
-1.226112
3.839537
0.381415
3.744852
-2.868925
-1.549352
2.304099
-1.569755
-1.876106
-2.302058
-1.534059
3.991042
2.864368
0.299870
-0.560653
-1.484533
2.701666
-1.951591
1.459527
-0.221915
-2.775059
-2.822877
2.369080
0.284048
-1.385209
2.517122
-1.403131
-0.074268
3.033100
-1.121938
-0.279951
0.798672
0.302952
1.661982
-2.958677
1.859460
1.813658
-1.705160
0.446976
-0.314132
1.119884
-0.730860
-0.283044
-0.011541
0.140588
2.829398
1.625516
2.380721
0.933222
2.899369
-1.941241
3.054307
0.856764
1.632820
-2.438947
1.974715
3.380024
-0.310004
3.983956
1.902187
-0.883717
0.786500
1.678709
1.054692
-0.968681
-1.468560
3.306309
-2.891625
-2.220248
-1.682293
3.869496
1.195600
3.760106
3.100694
1.270583
0.119822
1.517348
-0.253418
2.206830
-0.963406
3.708804
1.842198
1.453236
1.161945
1.725010
-1.993727
0.196006
2.237232
-0.625814
-1.620576
-1.784381
0.066855
0.568020
-0.758707
2.092686
2.718337
-0.190147
2.811053
2.710453
1.877657
0.584321
3.100125
-2.175479
3.851801
1.909390
2.130011
-2.732272
1.277257
1.259249
2.568422
1.786298
0.203938
-1.719754
-2.209420
-2.412874
-0.788712
-0.205732
2.585047
0.436179
0.630332
-1.907889
1.585802
3.685801
3.988552
1.819468
0.802243
3.904266
0.634448
1.904672
-0.835703
-0.057893
0.340960
1.856602
-1.076725
-2.369184
-2.697095
1.396000
-0.591301
-2.204922
0.914637
0.337764
-0.117656
2.765269
-1.226684
-1.843452
0.601233
-2.891597
2.015818
0.549840
3.169815
-0.208781
-1.588808
0.777223
-0.244658
2.612672
-1.101752
0.434055
1.030655
-2.572279
-1.063898
-2.862269
2.078776
-1.702779
-1.835951
2.910910
-1.891677
-2.337586
3.609910
-0.997285
2.476811
-0.462716
0.202392
-1.307574
2.864806
-2.404627
3.108403
0.196774
1.091387
0.945389
0.078708
-2.250962
-2.102737
-2.174784
0.339700
1.839468
-2.017143
1.333134
2.463345
-2.390811
-0.916168
-0.937922
3.829097
3.790927
3.758992
-0.706250
-1.074468
-2.345324
2.905446
-1.792462
0.179145
1.774876
-1.132344
3.631864
2.969317
-1.041188
1.527777
1.067246
3.841600
-0.614805
-0.683071
2.274564
-1.948004
-1.873459
-1.346017
-0.064068
1.214530
2.777239
2.828503
-1.927092
3.969382
0.734175
-2.212858
2.993795
2.127727
-2.732260
3.163304
1.218993
2.067119
2.184371
-0.641874
-1.400943
2.222473
3.027004
-1.982615
-1.652380
-2.822111
3.133294
-1.445974
3.748148
-1.656921
-1.810099
0.400561
-2.279327
3.771406
1.410944
0.312911
0.332888
-2.752770
1.731454
-0.402896
-1.361689
1.489225
0.498140
1.188661
-1.480909
1.737007
0.251620
-1.508384
0.605544
2.878219
-2.638404
3.835262
1.457610
1.357110
1.598299
3.384781
-1.636925
-2.248326
-1.156677
1.703238
2.198974
-0.868163
1.625975
-2.051110
1.930100
-0.642998
2.852546
-0.002797
-1.900573
0.872335
2.044135
-1.008492
1.274527
-1.490320
1.721389
-2.031944
-0.879735
-0.267115
3.497027
2.161464
3.088876
0.789964
3.605110
2.732403
0.863957
0.871604
-0.109993
-0.484971
-2.028688
-2.359027
-2.257879
-2.608226
-1.007389
3.840046
-1.180782
1.545662
3.598591
2.045856
3.852828
-1.344615
-2.164672
-1.458921
-1.406768
3.821292
-0.237306
3.653367
1.130458
-0.899403
-1.879951
1.094937
-1.086791
1.060274
-0.490956
1.557208
2.016906
2.290280
-0.645566
3.733674
-0.367233
-2.137703
-0.553946
2.355737
0.234591
3.021286
1.471284
-2.130942
1.183286
1.602612
-2.809624
3.668220
0.555941
2.383769
-2.453246
-0.447222
-2.511421
3.095592
-1.166881
-1.489396
3.099137
1.071352
3.714188
0.524307
3.022376
-2.867804
0.832780
3.347577
2.134935
-1.386341
3.461160
-1.662803
0.245739
2.293320
2.075748
1.273216
-1.900017
-1.164366
-0.784480
-1.229276
-2.572195
-2.080733
2.998902
0.082994
1.265715
3.343447
-0.230887
2.697459
-2.301785
-2.062825
0.335152
-0.053038
0.724553
2.538189
-2.650881
1.004780
-0.181141
-0.676159
-1.877206
1.314894
3.460202
1.246111
-1.188256
2.796990
0.790031
-1.712211
2.394943
3.864177
-1.281498
3.951939
-2.101033
3.193174
3.608218
-2.434022
-0.987263
1.306232
-0.320160
3.391423
3.978085
-1.969717
1.967412
1.255503
-2.209180
3.045350
1.908584
0.450608
2.671027
3.876036
1.317704
3.367128
-2.442892
0.207646
0.571813
3.393353
0.723515
2.087393
3.215704
2.291348
2.703927
0.999470
-1.584376
3.382178
-1.239429
-0.935206
0.902171
-2.079195
2.657431
-1.889072
2.819165
-0.161511
2.311570
1.791506
-2.579947
-0.452227
0.628191
-0.739587
2.646302
-0.883120
-0.755513
-1.112133
0.553653
-1.121087
0.932225
-2.906611
-1.112124
-1.797877
1.401967
-0.765042
-2.084314
-1.405538
-0.067827
-2.045738
-2.144029
0.324246
0.729346
-0.912487
0.289517
3.143141
3.630439
0.687405
-1.103635
2.295672
-2.563896
2.071529
2.969991
0.594652
-0.189888
3.897985
-0.636704
3.838868
3.610645
-1.093960
-2.443579
-1.881876
3.363649
-1.210118
-0.380534
2.182536
0.223792
1.317086
-1.085576
2.149321
0.014076
-0.235669
0.988732
-1.510843
0.259998
2.581125
2.377122
3.760020
3.412900
-2.462001
-0.636933
-1.887666
2.071669
-2.584123
2.650337
0.837384
1.766109
-2.400365
-0.351056
-0.065060
0.644906
1.913190
2.312175
0.919859
-2.717878
0.315485
3.462487
-1.222666
-1.284857
-1.697045
-0.171726
0.023459
-0.723091
-2.203497
0.654260
3.006454
-0.718991
-1.870126
2.494805
0.350288
-0.853901
-0.005030
-2.483898
1.025586
2.531055
-0.089867
-2.796392
-2.171697
2.784890
-2.140781
0.759432
-2.785977
-1.978119
-1.894826
3.487887
2.495039
-1.773476
1.542460
-2.157861
3.901616
1.992052
0.477595
-1.403905
-2.941364
-2.460656
3.035763
-2.617463
3.078429
0.144855
-1.150959
1.126201
3.071710
1.432746
3.318808
0.007610
3.186233
-1.279859
-0.211622
-2.813797
3.274120
1.586564
-2.450127
-1.861954
2.025365
0.144398
-2.841995
3.298836
0.532245
0.636841
-2.137880
0.207202
2.375834
1.932541
-1.814341
-1.299805
-0.619454
0.301927
1.896876
0.230350
-1.025543
-1.428976
-0.586153
0.643661
3.648541
1.074658
-2.365277
-0.292694
1.836693
-2.884491
-0.353681
2.911824
3.797617
0.449167
0.432327
-2.295712
-1.971561
3.746210
-1.313941
-1.854393
-2.502980
-0.055875
-2.592397
2.570443
-0.900576
1.230389
-1.032801
-0.415206
1.213426
2.776863
-0.221164
-1.082330
-1.260941
-2.765687
0.723261
2.465255
1.705731
-0.374188
-2.081118
1.179592
-2.558314
3.054196
-0.729775
1.523736
3.436646
0.126322
-0.641564
2.926945
2.454330
1.019626
-1.397992
2.652808
0.851939
-1.152197
-1.349518
0.447492
3.971767
2.675594
0.002269
-2.130557
-1.504957
-2.555908
-1.910129
-0.099726
1.574048
1.161483
0.903022
0.134430
3.547601
2.047037
1.809443
-2.151250
-0.971770
0.542618
0.047997
3.879634
3.732023
-1.590573
2.457334
-1.096511
2.370382
0.172215
1.384936
-2.986043
2.865170
0.421962
0.910855
0.864067
3.939310
2.855442
-1.828551
1.097403
-1.052690
0.417182
1.548518
0.134848
-0.860705
-1.792754
3.150146
2.685599
1.116057
0.497415
-1.725055
-0.892237
1.392046
-2.005578
0.732188
-1.023830
0.255696
1.247242
0.579155
1.187021
-1.577361
1.503729
3.481243
-1.370569
-0.998101
0.824935
-2.910226
2.393656
1.578220
-2.437555
-2.587033
-0.256450
2.942280
0.922229
0.554250
2.300121
-0.797922
2.527514
-1.087710
-0.948696
2.929408
-2.134434
2.612317
1.065428
-0.142473
-2.736012
3.859672
2.482430
-1.721087
-1.504596
1.757634
0.612995
-0.628622
3.460883
0.021490
0.639566
2.582365
2.310911
1.755486
3.337275
2.167128
-1.148890
-2.351190
0.572670
-2.627414
1.187655
1.138142
1.697010
3.760096
3.405516
-1.629225
-1.240356
2.049304
0.247281
1.680218
-0.697726
-1.196087
-2.405759
-0.348789
-2.487662
-1.117091
2.360379
0.556837
0.902085
-1.426348
1.190690
-1.349876
3.258906
3.941884
0.910770
1.540147
-1.669508
3.758470
2.314619
3.401543
-0.206595
3.056124
-1.018924
2.555720
1.043110
3.641953
0.146859
3.149984
0.071198
-0.034821
-1.375655
2.051412
2.411861
1.263291
1.425957
-1.440226
1.014394
2.598551
-1.708955
0.484486
3.449485
-1.864711
-1.659949
-2.885277
2.281681
-1.979099
0.249068
-0.068773
3.133933
-0.239309
2.805478
-0.791804
-1.991768
-1.905687
-1.783425
1.342753
-1.712977
3.653573
-2.161423
0.938435
1.855791
-0.977577
-2.031993
3.574186
3.265823
-1.158940
-2.398203
2.267841
-0.052413
-2.517175
0.355781
0.233286
0.117063
-1.452211
1.200622
-1.402679
0.214352
-1.305515
0.557794
-2.273366
-1.310033
1.712853
-2.211519
1.693521
-0.870031
1.428220
-2.013078
-1.901681
-1.829698
-1.284999
-1.990294
-1.078199
-1.682016
3.977106
3.626792
-2.545505
3.547392
-2.166941
-2.618312
3.350369
2.429907
-1.389801
-2.018523
0.690698
0.926560
3.491555
2.110791
0.920094
-1.174087
-0.442064
0.368623
-0.979083
3.025214
3.666030
3.383870
-2.877488
-2.775751
-1.831849
2.015052
-0.757754
0.955410
1.271687
1.619537
0.028680
-2.379036
1.700448
0.569892
-0.010720
-0.822601
-1.697018
2.130694
-1.942855
1.370857
-2.131816
-1.550118
1.233576
-0.417800
-0.077562
-1.745838
3.462675
-2.095754
0.846468
-1.568164
2.288474
-2.932264
-2.339754
3.032385
0.212523
-1.158820
2.861898
0.519186
1.868463
2.566523
2.286210
1.211015
1.378412
0.771043
2.048971
3.176405
-1.305628
1.434246
1.256876
-1.610326
1.058143
1.173313
2.997553
1.732340
-0.935154
-1.299491
2.805254
2.196683
-2.182056
2.085246
-2.884604
1.540494
-0.092521
0.779628
2.323664
1.356184
-2.365052
3.542813
-2.008710
-2.383706
-0.616772
-1.446649
-2.530599
1.903330
-0.075686
-2.424456
3.787058
2.710084
-2.771338
-1.252506
-2.785519
-0.992582
-1.418131
2.392170
-2.652292
1.063211
1.541896
2.678085
-1.046805
3.161908
3.175689
-1.421694
-0.690923
3.264486
0.581468
-1.342183
-2.265393
-2.536453
-0.674460
2.541982
-1.020278
1.160904
2.934336
0.567618
3.100123
3.090238
3.676193
-1.120313
-0.816233
-0.191264
-0.311327
1.943476
2.079758
3.827275
1.345729
2.425602
-2.345296
-2.437328
3.287320
-0.910091
2.297670
2.782548
-2.340866
2.934644
0.776371
3.163702
-1.959874
-1.123823
1.719599
2.960111
-0.645104
3.836196
-2.055437
-0.504207
0.977318
0.495583
2.413655
0.867897
-2.264355
-2.961959
1.200581
3.268149
-1.021509
-0.607850
-2.324842
3.603714
-2.524084
2.981320
2.652685
1.944774
3.789883
-2.616537
3.605372
0.087894
-0.566481
2.498635
0.997009
-1.447059
-0.232466
-0.992516
2.871104
2.752605
2.738949
-1.494961
-2.120096
1.867049
2.733688
1.189725
0.314934
1.271715
-1.332284
-2.515617
-2.767660
-1.724388
3.197060
-1.908855
2.984069
2.932350
-2.164291
-2.185989
-2.014271
-1.616360
0.705062
1.631801
2.652148
0.202064
-0.676986
0.637283
0.332313
-1.703119
3.758667
2.218797
0.570652
3.058454
0.754744
1.328173
2.676654
-1.368886
1.515140
3.268339
0.917200
1.397188
-2.425316
2.961596
0.771190
-1.118851
-0.201663
-2.977059
0.614941
-2.974370
2.854486
3.967196
1.089622
-1.912924
2.321285
-0.283374
0.535542
1.341361
1.538937
1.473653
3.847121
-1.166800
0.615371
-1.893686
1.807998
3.185020
2.721061
2.867248
0.298983
-0.565728
0.899399
3.534992
-2.082771
-1.479868
-0.168065
-0.600517
2.961627
2.847119
3.009463
3.513350
3.737179
-2.967563
1.248995
-1.179518
3.600435
-1.936081
3.775409
3.077623
-2.316623
2.146506
3.161185
3.224270
-0.331819
3.303512
-0.877423
-2.424065
-1.314521
2.514403
3.911199
2.603891
3.487577
2.519014
-1.177946
0.069083
-0.873031
0.649609
1.508826
3.552187
2.267096
2.861034
0.873010
1.557252
0.824138
-0.452460
-2.584902
2.551423
-0.917960
1.969261
2.246978
-1.721624
1.830981
-1.621035
2.302333
0.651136
-1.630343
-0.882417
-2.767098
3.638374
0.397140
2.040425
3.264205
-1.144722
3.848766
1.718143
-1.697672
-0.507895
0.023302
0.490767
-2.949980
0.280668
3.204377
-1.893914
-1.120418
1.981617
0.806457
-0.542094
3.139415
1.694752
-1.880771
-2.293554
-2.181931
-2.791270
2.443245
-0.788284
2.119088
-2.308139
-1.871522
0.312382
-1.741450
3.505320
2.296344
0.920873
-2.201250
3.036205
0.725996
0.717358
-0.696144
-2.880214
0.332595
-1.077693
-1.767740
0.210939
-1.379979
-2.885495
-2.892826
-2.995168
1.216613
3.178442
2.711777
-0.361364
-0.847453
3.267022
3.848610
3.035885
1.035172
0.595259
1.013860
-2.357256
1.970852
1.588969
1.504936
1.935098
-0.360806
3.040119
-2.672182
-2.154894
-0.369189
3.766241
-2.304037
-0.784931
-1.048307
2.169098
1.241508
2.132436
0.863140
0.134350
-0.073965
2.152095
-0.039508
-1.499037
0.905412
-2.004476
-0.395883
2.591344
2.145787
2.687956
0.583866
-1.404474
-0.127447
2.485235
-0.550924
-1.774948
-2.964840
-2.384951
-1.699135
0.824194
3.741094
-2.641515
-1.127315
-0.371282
-0.328175
-1.163100
-1.093185
-0.826925
-0.715979
-1.888640
-2.675566
1.853508
-0.581438
2.486691
2.503867
1.228979
-0.210153
-0.215198
3.742165
3.581713
-1.262400
3.519802
0.255584
-1.233980
0.870021
3.755910
3.849234
3.309474
3.541816
2.395951
1.605802
3.844845
0.999032
3.010073
2.218770
-1.384303
-2.925543
3.228942
1.723852
-0.040105
-2.688136
-0.340524
3.573198
-2.275481
2.057542
-1.402759
3.833120
1.950880
-0.183546
3.243371
-0.012962
0.763131
0.038777
-0.908443
3.438517
3.781199
-0.655571
3.153713
-0.220200
-2.305124
3.827657
-0.793467
3.474310
-2.839540
-0.754508
-0.371687
1.035778
-2.566643
-1.062519
3.517049
1.050457
0.606732
2.667610
2.459382
1.613670
3.144747
2.733268
-0.984669
-1.244889
1.384523
-1.812018
-2.546281
1.825508
3.205789
-2.645931
2.346366
1.700327
0.396523
-0.719392
3.150839
3.691832
-1.142472
2.746249
-2.161819
3.319461
2.836351
-1.082808
0.798532
2.795320
0.338750
-1.326743
3.724829
-2.451252
1.789461
2.093394
-1.571445
-2.652244
-2.384612
1.917911
0.468120
1.448622
2.210128
-1.407148
-2.012305
-0.438494
-0.864388
0.302716
2.655709
-0.559904
0.310372
1.353014
3.832971
-2.813255
-1.960900
2.007694
0.269808
1.747576
3.334122
2.881498
-1.138844
-0.633011
0.439331
3.384351
-1.315775
-0.116737
0.933049
-2.013217
3.165121
-0.899310
-1.575335
0.057075
1.594438
1.510746
-0.509400
-0.727650
1.898880
0.191110
2.988190
0.428666
-1.518938
-0.072925
3.343193
1.218745
2.778764
2.305013
0.825376
-1.284386
1.917808
-0.157893
-1.854013
0.615029
-1.861579
-2.058313
-1.671969
1.864874
1.434515
3.109637
2.491425
1.105091
2.770997
-1.808158
0.522346
3.939818
2.682526
3.678602
0.183966
3.292705
-0.412558
-1.327111
3.315133
-0.725079
1.248399
0.134598
2.058028
3.511209
-2.785630
2.218609
-1.574707
2.063084
0.228753
0.252480
2.840389
-2.097884
-1.935975
1.199472
1.819436
0.252002
2.425205
1.295289
0.250454
-1.555952
-1.351864
2.685036
0.803215
3.918743
1.301767
-2.063268
3.522476
-2.099858
3.930051
1.126649
-0.742970
-2.058439
3.691518
0.634204
-2.361676
-1.387560
2.301473
-1.885409
3.863012
-0.655163
2.023242
-0.619656
-2.825774
-1.310095
-0.462073
-2.409075
-1.942373
2.621666
2.862021
3.412162
-2.635170
-2.736681
0.777837
1.988584
-0.780870
-2.082470
-1.600855
1.970328
1.374375
-2.403169
2.955935
-2.648082
1.111612
3.675018
1.334804
-2.598109
-1.159697
-0.644440
3.114393
-0.678774
0.317401
3.385545
0.275527
-2.350391
3.587810
-2.031723
1.594833
-2.952989
3.924960
-2.840056
2.202843
-1.781410
-2.665546
-0.613080
1.236193
2.824798
3.925642
-2.816301
-2.575552
-2.164268
-1.755169
-1.669255
-1.643618
-1.457306
2.798923
3.885676
0.551707
3.056706
-2.440814
1.137976
0.968404
1.151290
-1.267044
1.676023
3.777902
-1.027504
-1.552929
-2.945161
1.534967
-2.596814
0.193162
-0.106376
0.943511
2.785474
-2.082711
3.735930
-2.895388
-1.635859
1.706870
-2.132439
2.466485
0.942128
1.249856
0.509364
2.516927
-0.568101
-1.497772
0.174513
0.486510
-2.296251
-2.784297
2.385029
3.321361
2.404054
-1.469161
2.575246
3.327846
0.805824
3.869898
-0.119622
-2.217157
-1.243151
3.956882
3.877070
0.554216
-2.187878
0.270204
-1.847647
-2.785831
-1.634645
-0.675560
1.150563
1.115256
3.781059
2.809150
3.330488
2.970700
-2.016623
0.507218
-1.071221
2.318829
2.482854
3.857082
1.703155
-2.958754
3.049285
1.985309
1.719724
3.347538
1.913958
2.893954
0.807205
1.563508
-0.891595
-1.785226
3.705483
-2.012685
2.097013
-2.297713
3.985075
2.209457
0.074372
-1.845082
1.877743
-2.240812
0.975308
-0.743382
-0.106219
2.918978
3.331046
-2.309574
1.185117
2.109586
3.038964
0.653774
3.500144
0.007126
3.505424
3.769986
0.234805
0.866830
-1.048113
2.916443
1.066398
0.257793
0.361682
2.597356
1.554662
0.363844
3.324839
1.973499
-1.472471
-0.672464
3.730083
1.189288
-0.932262
1.127321
1.094826
3.213239
3.744885
0.397583
1.358169
1.180425
-1.000328
-1.595632
2.401932
-0.352915
-1.106566
1.596032
-0.319271
-2.628942
-1.028530
2.665259
3.576544
1.522504
-1.025147
-1.693129
-1.184416
3.372643
-1.265473
3.457361
3.160140
3.129799
-0.244092
-1.429887
0.472266
0.723151
-0.212554
1.445536
-1.332648
2.122306
1.477126
0.446685
1.604253
2.006341
0.287702
-0.408154
-1.898044
-1.244483
3.978292
2.008273
-1.694436
2.458368
1.346544
-1.505702
-0.987663
-0.822886
2.483850
2.575025
1.862377
0.028987
2.154206
-1.643557
1.138602
3.911235
-2.405068
-2.387092
3.261077
3.549202
3.374591
3.264881
-0.651855
-2.726162
2.885126
2.681082
0.976875
1.780223
-2.839156
0.072014
1.738819
0.020396
-2.280129
-0.400960
-2.620250
-1.262050
0.434483
1.616432
1.132377
3.387518
3.857879
-0.796379
0.146293
-1.604086
3.487165
-2.518899
2.913093
-2.489136
-0.626359
1.185324
-0.457896
-0.927750
2.061514
-0.132059
2.857674
2.729482
2.411938
3.837719
-2.130946
-1.073180
0.787624
2.669698
0.413125
0.792097
3.253848
2.375448
3.702673
1.451161
2.739429
-2.557702
2.639505
0.416004
2.780440
-1.297982
0.218052
3.735245
-0.151489
1.833725
0.344483
1.691302
2.773736
2.707375
3.351587
3.840208
-2.174151
3.046112
-2.223738
2.455217
-2.446311
0.816762
2.861964
-1.882793
1.186579
1.042449
2.186617
2.330567
1.040067
-1.077997
2.007452
-1.604324
-0.742200
0.166838
-1.662355
1.678725
-0.416532
3.441921
-0.100611
0.105872
-2.632856
0.297568
-2.868651
3.787672
0.026980
1.190905
0.969294
2.884196
3.307144
1.021690
0.829281
1.069930
-2.079841
2.365031
1.141958
-2.596218
-0.602399
1.335299
0.339670
1.485364
-1.083197
3.686416
1.799852
-0.195095
3.616615
0.173374
-0.453002
1.043360
0.405785
0.251300
1.360695
-1.121423
-1.174738
-2.047175
0.366649
3.400436
-2.241733
-0.439160
-2.801773
-0.488793
0.852964
-0.895436
-2.628171
-0.967973
-0.318336
0.052453
-2.703675
1.723234
-1.097694
2.126472
2.103537
-2.563846
3.654990
3.575436
-1.653390
0.589505
-0.049160
1.905852
-2.407885
-1.597009
2.057596
-1.560298
2.962429
3.837720
-0.136592
2.964532
-2.013376
1.625690
1.412508
-0.400974
1.381499
0.372076
-1.023537
0.396945
0.463659
3.958580
3.196872
2.605636
-2.688184
2.074633
2.548117
0.259615
0.132143
-0.536479
-0.523579
-1.973019
-0.328544
-2.538234
3.249834
1.335055
-1.065333
0.030430
1.828631
2.896665
-2.277467
2.424636
-0.726161
3.278746
-1.037060
0.279368
3.403226
0.405154
0.856664
3.851471
2.943615
0.801492
0.167102
-1.757397
0.165167
2.640242
2.777323
-2.753386
-0.650922
3.421448
0.432345
-2.582902
0.274979
-0.346128
2.769245
-0.697431
-1.424932
-0.142778
2.345689
-2.399035
3.701075
-1.533227
-2.797942
3.761194
-1.760233
-1.449655
-1.824951
1.544075
3.214700
3.274892
-0.276579
1.713283
-1.836118
0.748179
0.398920
1.506505
-0.345111
0.695518
-0.981736
-1.281968
-0.725725
-0.898306
0.478301
1.297702
-2.864861
-0.947617
0.195223
-2.298762
-2.149902
2.779755
1.144648
3.602630
2.409683
-1.116126
-2.890388
-1.263199
-0.191586
-2.732044
-2.180300
-1.659125
1.764387
3.568230
-1.589592
3.768153
3.985974
-1.518520
-0.728810
-2.978569
-1.904143
-0.750546
1.305550
3.090899
-2.771559
2.380961
-0.274651
3.962420
3.971259
-2.642391
-0.393114
2.470518
3.631124
-2.107457
1.994096
3.993767
1.335938
-0.432556
1.371931
-2.700122
1.111880
2.537360
-2.959912
1.377329
2.474401
-1.477271
3.959440
-2.416892
-1.730872
3.768784
-1.235673
0.949253
1.319957
3.106423
0.023062
-0.943661
-2.593917
0.647071
-0.456270
-2.951324
-2.500469
-1.466869
-1.933780
-1.961930
-2.293013
1.817979
-0.150736
-0.026169
2.570315
-0.825637
-1.814067
-2.660726
-0.024507
-0.721987
2.960169
0.094721
-2.964254
3.507103
2.167282
-2.047553
0.325076
2.111982
2.141527
1.810331
-0.652645
3.537539
-1.804775
3.456353
-1.200400
-1.891915
2.881292
0.085294
-1.262002
2.188714
1.232067
1.307556
-2.593096
1.920114
3.662972
1.175826
3.828806
-2.140267
0.558914
-1.885598
-2.253942
2.357208
-2.073491
2.646049
0.568787
1.585561
-0.386793
1.756322
-1.649317
1.526915
-0.775891
3.934301
-0.641914
2.582525
-2.982444
3.536514
3.876090
1.489673
-1.803916
3.533464
3.710438
-0.719256
1.930457
-1.684579
-0.954948
1.594303
3.536149
-0.963721
-2.307850
2.936247
1.410349
-1.033046
0.445692
-1.853108
1.589042
3.711206
-2.258982
2.564571
-2.808448
3.421057
-0.541780
-2.398195
0.879942
3.575016
-1.240139
1.238744
-2.540468
1.705392
2.964328
0.740507
1.517030
3.039255
-1.634802
-1.933736
1.965016
-0.020345
-1.636429
-1.920089
3.059703
-1.012847
-1.693546
-2.274943
-0.022344
3.992291
2.342891
3.504252
-2.730911
3.741436
-0.272165
0.841754
2.877292
-1.009962
0.172452
-2.424062
2.554111
-0.536245
-2.424543
-1.886135
-2.605567
3.963853
0.710790
-1.931979
0.113987
3.452794
-1.835487
0.502503
3.439706
-2.704086
0.573657
3.309009
3.544993
3.519043
1.724203
-0.061143
2.185560
3.999191
-0.543557
-0.783128
-1.707861
0.423116
-1.431860
2.780091
2.594947
-0.270589
2.899466
-0.369758
-2.251971
-2.759375
-1.448452
2.905196
-2.869232
0.330295
1.279402
-0.200419
3.813679
1.059931
0.586262
-1.125904
0.728197
1.326447
2.194073
-1.928955
2.135130
2.347293
1.244967
-0.145871
0.558998
3.019813
1.774450
-1.924819
2.956275
-1.188737
0.997204
-1.092936
3.421731
2.673117
-1.528902
0.437087
0.243541
0.133712
1.536967
-0.344322
3.788622
0.371209
3.329716
1.923646
-0.579342
3.253951
-2.368860
1.968139
-0.436774
-0.858987
0.278601
-1.190250
2.477852
-1.482790
2.740901
0.627475
2.283323
-2.588487
-0.851780
-1.477819
1.711740
2.895716
3.218610
1.010324
1.033645
0.118559
2.302678
0.693270
3.184726
2.454996
2.732450
0.202324
2.590512
1.048594
1.620075
3.797775
-0.462956
2.255401
2.140141
-2.892520
0.980618
2.503216
-1.372850
3.142656
-0.068832
3.839548
-1.524745
2.682620
0.236926
3.156281
-1.334169
3.010511
2.892510
0.346056
0.104161
2.213740
3.036124
0.701300
1.283806
-2.709297
0.779522
-0.984003
1.429326
-1.535179
2.601378
3.363492
-0.741684
2.148621
3.895493
0.545523
1.667490
-1.450558
0.120170
0.237395
-0.429441
-2.385957
2.509925
-2.487662
1.581289
-1.945631
1.290646
1.508284
-2.593729
-0.267369
-2.756617
-1.288894
-1.869901
2.879055
2.748085
-1.529746
0.776790
-2.664833
-0.059095
1.617037
2.785573
-2.443260
2.001274
-0.680653
-1.647725
2.131813
2.682984
1.729994
-2.105300
0.186626
3.385730
-2.127367
1.494505
-2.467620
2.670921
1.697780
-0.412755
-2.033880
3.832074
2.916556
-2.459531
-0.649177
2.345422
-0.771403
3.871418
3.158378
-1.680364
-0.489420
1.518261
1.392893
2.075181
3.323895
-2.532312
-1.518958
3.427200
-1.504939
2.346932
-1.068069
2.111444
2.804311
-1.775589
2.526535
-0.711449
0.969219
3.342134
-1.951398
-0.577726
1.951989
3.166915
0.191544
2.665229
3.899198
-2.333167
1.487975
0.574689
1.549699
0.561820
3.508195
3.892224
0.805233
0.373523
-1.929004
3.281991
1.212759
-2.369814
1.847465
0.991921
1.338799
1.655442
2.681652
-2.649503
2.804393
-0.330305
-0.438392
-2.584519
2.271640
3.028954
-1.141103
0.619535
-1.545187
-1.396143
-2.206252
-0.455015
1.624458
0.537680
0.541913
-1.643138
-2.073810
-1.942200
-2.515575
2.005339
2.730975
-1.548687
3.056256
3.302614
2.449673
0.237360
2.848001
-0.122873
-0.569293
1.329228
2.451689
2.399259
1.667568
0.336607
-2.502228
1.940895
-2.383003
-2.051386
-2.265845
0.300966
-0.053671
2.664671
3.790817
3.994622
0.310754
2.984728
-2.597839
-0.727837
3.811587
-2.151404
-0.070031
-0.682043
-2.070578
3.606172
-1.515684
3.879657
0.792657
-2.395222
-1.023764
2.147085
0.530354
2.786700
-0.050059
-2.548597
-2.013626
1.728256
0.734036
1.300767
-1.339997
2.483329
-0.097679
0.104046
1.348780
-1.212195
1.026866
-2.504465
2.708365
-1.215559
2.641698
1.381134
-1.756265
3.560594
-2.965015
2.139486
2.922410
-0.512819
3.120049
2.485359
1.565724
-0.880205
-1.004229
2.088771
-1.081723
-1.707767
1.399930
3.948658
1.442572
3.451024
-1.375887
0.645408
1.931801
1.349555
2.695463
0.543184
-1.974596
2.490973
3.296957
1.116523
2.016867
3.967708
3.360412
2.752721
-1.802360
1.915836
2.968455
-1.117076
-1.647771
-0.414563
-0.572566
3.679618
0.794406
-0.695437
2.730810
-1.991754
1.694064
2.781062
-2.236343
-1.814217
2.583571
0.132435
0.440989
0.358749
-1.617182
1.057874
0.169451
3.800166
-1.172169
-0.947697
-2.016598
0.787297
-0.566193
2.344999
2.824046
2.419003
-1.432234
-1.027844
-2.079942
-2.584554
2.052533
-1.959936
-0.216193
1.219351
0.268293
1.726946
-0.903468
0.579924
0.744136
0.392194
-1.987593
2.654289
1.984994
-1.922448
-0.558284
1.603592
3.346168
1.356995
0.561271
1.149289
-2.647782
3.439452
-0.805947
0.997963
0.622643
3.116001
-1.591298
2.531049
0.918952
0.101028
1.271515
3.446844
-0.948053
-1.946442
0.099652
3.582883
-0.595857
2.068329
-2.127110
-2.821318
0.468252
0.973073
-2.584261
3.768552
-1.339737
-0.078504
-2.282594
1.893967
-0.168495
3.637446
3.702971
-2.759007
-2.442750
0.483343
-1.420823
2.823737
-1.550462
0.068714
-2.287282
-2.456215
3.521270
2.141661
0.865348
2.377734
-0.615403
-0.966867
-2.111727
2.197044
0.368567
0.993087
1.221607
0.519257
-1.674892
2.962928
1.082232
-2.490960
